10002 30 4 20.03.2024
10012 11 2 21.03.2024
10014 13 4 21.03.2024
10053 10 2 20.03.2024
10074 38 2 20.03.2024
10136 14 4 20.03.2024
10143 19 3 20.03.2024
10169 25 4 18.03.2024
10199 1 1 18.03.2024
10206 17 3 20.03.2024
10281 37 1 21.03.2024
10330 30 1 20.03.2024
10333 7 4 18.03.2024
10354 32 4 20.03.2024
10365 6 3 20.03.2024
10422 8 1 20.03.2024
10454 4 4 21.03.2024
10473 30 1 20.03.2024
10486 38 1 18.03.2024
10581 6 3 20.03.2024
10616 11 2 21.03.2024
10629 31 2 21.03.2024
10645 3 4 20.03.2024
10665 11 4 21.03.2024
10694 34 4 20.03.2024
10715 19 1 21.03.2024
10741 2 2 21.03.2024
10761 3 2 20.03.2024
10774 14 3 20.03.2024
10811 35 2 18.03.2024
10817 35 1 18.03.2024
10822 14 1 18.03.2024
10828 32 1 20.03.2024
10894 35 1 18.03.2024
10909 32 1 20.03.2024
10981 27 1 20.03.2024
11051 19 4 21.03.2024
11052 30 3 20.03.2024
11069 16 2 20.03.2024
11074 28 3 18.03.2024
11079 21 1 18.03.2024
11130 23 1 21.03.2024
11173 17 3 20.03.2024
11192 4 4 21.03.2024
11194 37 1 21.03.2024
11205 26 4 21.03.2024
11213 19 4 21.03.2024
11232 8 3 20.03.2024
11238 27 4 18.03.2024
11276 22 3 18.03.2024
11320 37 3 20.03.2024
11365 25 3 21.03.2024
11369 33 2 18.03.2024
11397 31 2 21.03.2024
11403 15 4 21.03.2024
11405 10 4 20.03.2024
11405 26 2 20.03.2024
11408 16 2 20.03.2024
11417 14 2 21.03.2024
11432 23 2 20.03.2024
11479 34 1 20.03.2024
11493 20 3 18.03.2024
11552 15 2 20.03.2024
11559 24 3 21.03.2024
11568 30 2 18.03.2024
11715 31 4 18.03.2024
11788 24 3 21.03.2024
11791 14 2 21.03.2024
11805 28 3 18.03.2024
11807 12 4 20.03.2024
11832 4 4 21.03.2024
11838 35 2 18.03.2024
11852 3 1 18.03.2024
11853 27 1 20.03.2024
11907 2 2 21.03.2024
11915 8 4 18.03.2024
11941 35 2 18.03.2024
11978 7 3 21.03.2024
12018 27 2 20.03.2024
12046 13 1 20.03.2024
12068 25 3 21.03.2024
12090 30 3 20.03.2024
12091 13 1 20.03.2024
12114 14 3 20.03.2024
12125 22 3 18.03.2024
12128 23 4 20.03.2024
12132 30 2 18.03.2024
12180 14 2 21.03.2024
12206 16 1 18.03.2024
12235 19 3 20.03.2024
12275 34 3 20.03.2024
12281 27 2 20.03.2024
12290 16 1 18.03.2024
12304 31 3 20.03.2024
12340 1 4 20.03.2024
12346 13 1 20.03.2024
12349 27 2 20.03.2024
12361 35 1 18.03.2024
12367 33 3 21.03.2024
12387 35 2 18.03.2024
12428 6 1 20.03.2024
12456 13 1 20.03.2024
12465 3 4 20.03.2024
12465 34 3 20.03.2024
12467 1 1 18.03.2024
12472 27 4 18.03.2024
12507 34 4 20.03.2024
12514 37 3 20.03.2024
12532 32 2 21.03.2024
12580 20 2 20.03.2024
12588 23 3 18.03.2024
12614 22 2 18.03.2024
12616 3 4 20.03.2024
12616 31 1 20.03.2024
12627 13 1 20.03.2024
12636 34 4 20.03.2024
12649 14 3 20.03.2024
12703 22 2 18.03.2024
12726 36 2 21.03.2024
12792 32 3 20.03.2024
12799 35 1 18.03.2024
12812 3 4 20.03.2024
12812 10 1 18.03.2024
12823 33 4 18.03.2024
12887 3 1 18.03.2024
12899 11 2 21.03.2024
12913 22 1 20.03.2024
12919 38 3 21.03.2024
12956 37 4 18.03.2024
12967 11 2 21.03.2024
12971 10 3 18.03.2024
12975 39 4 20.03.2024
13008 15 2 20.03.2024
13097 17 1 20.03.2024
13109 22 4 21.03.2024
13122 21 3 21.03.2024
13148 12 3 20.03.2024
13166 34 1 20.03.2024
13172 4 2 18.03.2024
13187 8 4 18.03.2024
13201 34 1 20.03.2024
13280 3 4 20.03.2024
13286 37 3 20.03.2024
13328 26 3 20.03.2024
13329 33 4 18.03.2024
13377 27 4 18.03.2024
13397 5 3 18.03.2024
13412 34 2 21.03.2024
13432 1 4 20.03.2024
13439 4 3 20.03.2024
13464 16 1 18.03.2024
13491 6 1 20.03.2024
13493 33 2 18.03.2024
13518 18 2 18.03.2024
13555 35 1 18.03.2024
13556 35 2 18.03.2024
13584 31 3 20.03.2024
13613 37 3 20.03.2024
13616 28 1 18.03.2024
13617 3 3 21.03.2024
13674 30 2 18.03.2024
13717 2 4 20.03.2024
13741 30 1 20.03.2024
13759 20 2 20.03.2024
13810 34 4 20.03.2024
13817 17 4 18.03.2024
13846 16 4 21.03.2024
13887 16 3 21.03.2024
13887 37 3 20.03.2024
13926 12 1 20.03.2024
14013 33 3 21.03.2024
14058 38 1 18.03.2024
14062 15 2 20.03.2024
14072 11 2 21.03.2024
14085 6 3 20.03.2024
14118 15 3 18.03.2024
14122 35 1 18.03.2024
14128 33 3 21.03.2024
14158 25 1 20.03.2024
14251 5 2 18.03.2024
14298 5 2 18.03.2024
14320 5 4 20.03.2024
14375 21 2 20.03.2024
14376 35 2 18.03.2024
14401 33 2 18.03.2024
14422 20 2 20.03.2024
14423 32 3 20.03.2024
14541 6 4 21.03.2024
14578 3 2 20.03.2024
14591 35 2 18.03.2024
14595 31 2 21.03.2024
14605 20 2 20.03.2024
14606 6 2 20.03.2024
14615 3 2 20.03.2024
14618 28 1 18.03.2024
14632 27 3 18.03.2024
14651 20 1 21.03.2024
14661 30 2 18.03.2024
14696 10 3 18.03.2024
14734 25 1 20.03.2024
14797 30 1 20.03.2024
14817 16 3 21.03.2024
14829 36 3 21.03.2024
14867 1 4 20.03.2024
14877 14 4 20.03.2024
14915 12 2 18.03.2024
14934 37 4 18.03.2024
14979 2 1 18.03.2024
14984 14 3 20.03.2024
15033 23 3 18.03.2024
15058 32 1 20.03.2024
15066 8 4 18.03.2024
15107 11 3 18.03.2024
15179 28 2 21.03.2024
15179 34 2 21.03.2024
15193 12 2 18.03.2024
15206 35 2 18.03.2024
15210 35 1 18.03.2024
15223 11 2 21.03.2024
15248 11 3 18.03.2024
15303 14 1 18.03.2024
15308 27 1 20.03.2024
15315 34 4 20.03.2024
15360 15 1 21.03.2024
15372 30 1 20.03.2024
15434 12 4 20.03.2024
15455 17 4 18.03.2024
15536 18 2 18.03.2024
15550 23 4 20.03.2024
15560 5 2 18.03.2024
15580 4 1 18.03.2024
15598 8 2 21.03.2024
15629 27 3 18.03.2024
15633 27 4 18.03.2024
15648 38 2 20.03.2024
15668 31 3 20.03.2024
15685 5 1 20.03.2024
15687 32 1 20.03.2024
15689 30 1 20.03.2024
15752 12 3 20.03.2024
15756 13 3 20.03.2024
15763 14 1 18.03.2024
15789 4 2 18.03.2024
15793 3 3 21.03.2024
15836 14 4 20.03.2024
15842 32 3 20.03.2024
15847 11 3 18.03.2024
15851 12 3 20.03.2024
15895 7 3 21.03.2024
15931 35 2 18.03.2024
16007 37 4 18.03.2024
16019 18 1 20.03.2024
16057 6 3 20.03.2024
16063 5 2 18.03.2024
16120 7 3 21.03.2024
16160 3 3 21.03.2024
16175 36 4 21.03.2024
16177 2 4 20.03.2024
16182 3 1 18.03.2024
16217 34 4 20.03.2024
16226 38 1 18.03.2024
16244 31 4 18.03.2024
16274 2 1 18.03.2024
16304 27 1 20.03.2024
16334 32 3 20.03.2024
16352 17 1 20.03.2024
16358 15 2 20.03.2024
16361 2 2 21.03.2024
16386 32 2 21.03.2024
16395 7 2 18.03.2024
16397 8 3 20.03.2024
16430 15 2 20.03.2024
16476 10 3 18.03.2024
16489 1 2 18.03.2024
16531 3 1 18.03.2024
16541 3 1 18.03.2024
16556 6 3 20.03.2024
16575 4 3 20.03.2024
16608 30 3 20.03.2024
16639 28 2 21.03.2024
16656 15 3 18.03.2024
16729 37 3 20.03.2024
16751 36 4 21.03.2024
16758 5 2 18.03.2024
16785 34 1 20.03.2024
16811 1 4 20.03.2024
16828 25 3 21.03.2024
16847 16 4 21.03.2024
16851 24 1 20.03.2024
16862 36 4 21.03.2024
16898 12 1 20.03.2024
16920 21 2 20.03.2024
16941 18 3 20.03.2024
16946 13 3 20.03.2024
17000 18 4 18.03.2024
17007 34 1 20.03.2024
17067 30 1 20.03.2024
17079 14 4 20.03.2024
17100 27 4 18.03.2024
17140 33 3 21.03.2024
17144 13 1 20.03.2024
17180 20 1 21.03.2024
17192 26 2 20.03.2024
17209 16 4 21.03.2024
17228 11 3 18.03.2024
17292 17 4 18.03.2024
17367 27 1 20.03.2024
17370 30 2 18.03.2024
17393 20 2 20.03.2024
17433 16 2 20.03.2024
17507 32 3 20.03.2024
17535 25 3 21.03.2024
17565 38 1 18.03.2024
17576 33 3 21.03.2024
17608 33 2 18.03.2024
17652 26 2 20.03.2024
17652 37 4 18.03.2024
17697 18 4 18.03.2024
17706 25 1 20.03.2024
17723 30 2 18.03.2024
17760 1 3 18.03.2024
17771 26 2 20.03.2024
17776 2 2 21.03.2024
17790 27 3 18.03.2024
17801 35 1 18.03.2024
17806 28 3 18.03.2024
17807 1 3 18.03.2024
17825 27 3 18.03.2024
17837 3 2 20.03.2024
17841 8 1 20.03.2024
17937 24 1 20.03.2024
17940 4 3 20.03.2024
17952 32 4 20.03.2024
17981 18 3 20.03.2024
17990 18 1 20.03.2024
18050 6 1 20.03.2024
18120 21 3 21.03.2024
18132 11 4 21.03.2024
18214 3 2 20.03.2024
18238 36 2 21.03.2024
18257 38 2 20.03.2024
18286 22 3 18.03.2024
18293 10 3 18.03.2024
18306 14 1 18.03.2024
18306 15 3 18.03.2024
18330 37 1 21.03.2024
18347 18 1 20.03.2024
18362 13 2 21.03.2024
18369 3 2 20.03.2024
18398 10 2 20.03.2024
18421 10 4 20.03.2024
18433 16 1 18.03.2024
18511 14 3 20.03.2024
18525 13 2 21.03.2024
18544 35 3 21.03.2024
18551 17 3 20.03.2024
18553 14 2 21.03.2024
18569 12 3 20.03.2024
18572 6 4 21.03.2024
18595 11 1 20.03.2024
18612 19 3 20.03.2024
18663 3 2 20.03.2024
18677 30 1 20.03.2024
18679 17 3 20.03.2024
18706 18 4 18.03.2024
18766 19 4 21.03.2024
18774 15 4 21.03.2024
18792 39 3 18.03.2024
18800 5 1 20.03.2024
18809 30 2 18.03.2024
18822 1 3 18.03.2024
18827 11 2 21.03.2024
18829 25 4 18.03.2024
18836 35 2 18.03.2024
18843 6 3 20.03.2024
18856 32 3 20.03.2024
18869 2 2 21.03.2024
18885 28 3 18.03.2024
18909 39 1 21.03.2024
18912 1 1 18.03.2024
18939 6 4 21.03.2024
18947 35 3 21.03.2024
18952 16 4 21.03.2024
19015 7 2 18.03.2024
19021 16 4 21.03.2024
19037 8 4 18.03.2024
19039 21 2 20.03.2024
19078 11 2 21.03.2024
19097 12 2 18.03.2024
19099 25 4 18.03.2024
19107 33 2 18.03.2024
19126 18 3 20.03.2024
19149 21 1 18.03.2024
19170 39 3 18.03.2024
19247 22 2 18.03.2024
19247 38 1 18.03.2024
19253 26 3 20.03.2024
19254 10 4 20.03.2024
19270 4 4 21.03.2024
19271 20 1 21.03.2024
19300 32 2 21.03.2024
19322 31 2 21.03.2024
19332 1 3 18.03.2024
19431 18 2 18.03.2024
19444 5 4 20.03.2024
19486 6 1 20.03.2024
19491 34 4 20.03.2024
19515 1 3 18.03.2024
19524 31 3 20.03.2024
19569 30 1 20.03.2024
19576 18 4 18.03.2024
19637 26 1 20.03.2024
19658 37 3 20.03.2024
19659 13 2 21.03.2024
19659 35 2 18.03.2024
19688 4 2 18.03.2024
19732 13 4 21.03.2024
19773 4 4 21.03.2024
19793 1 3 18.03.2024
19828 10 4 20.03.2024
19840 17 1 20.03.2024
19841 11 1 20.03.2024
19859 13 1 20.03.2024
19862 15 1 21.03.2024
19867 17 3 20.03.2024
19873 1 4 20.03.2024
19923 30 1 20.03.2024
19934 16 1 18.03.2024
19946 15 3 18.03.2024
19968 27 2 20.03.2024
19969 16 3 21.03.2024
20038 30 1 20.03.2024
20051 21 3 21.03.2024
20158 3 4 20.03.2024
20248 21 4 21.03.2024
20251 22 2 18.03.2024
20282 16 1 18.03.2024
20323 18 2 18.03.2024
20326 37 3 20.03.2024
20331 13 4 21.03.2024
20341 21 3 21.03.2024
20369 6 1 20.03.2024
20384 25 3 21.03.2024
20399 20 4 20.03.2024
20404 35 2 18.03.2024
20406 3 4 20.03.2024
20440 6 4 21.03.2024
20444 8 4 18.03.2024
20499 27 4 18.03.2024
20503 10 4 20.03.2024
20515 21 3 21.03.2024
20545 34 3 20.03.2024
20557 5 3 18.03.2024
20569 14 2 21.03.2024
20576 15 4 21.03.2024
20591 18 3 20.03.2024
20632 36 1 21.03.2024
20647 32 3 20.03.2024
20684 1 4 20.03.2024
20720 17 1 20.03.2024
20725 22 3 18.03.2024
20735 14 3 20.03.2024
20742 34 3 20.03.2024
20786 1 3 18.03.2024
20795 39 1 21.03.2024
20838 17 3 20.03.2024
20883 32 3 20.03.2024
20990 33 4 18.03.2024
20990 35 1 18.03.2024
20997 15 4 21.03.2024
21002 37 4 18.03.2024
21040 3 1 18.03.2024
21054 15 1 21.03.2024
21075 2 3 20.03.2024
21130 14 2 21.03.2024
21140 21 1 18.03.2024
21165 10 3 18.03.2024
21174 32 2 21.03.2024
21249 32 2 21.03.2024
21256 21 4 21.03.2024
21273 14 1 18.03.2024
21288 11 3 18.03.2024
21301 28 3 18.03.2024
21303 36 1 21.03.2024
21306 35 1 18.03.2024
21317 14 2 21.03.2024
21361 31 2 21.03.2024
21397 4 3 20.03.2024
21476 6 4 21.03.2024
21482 4 2 18.03.2024
21495 34 4 20.03.2024
21520 32 4 20.03.2024
21611 14 2 21.03.2024
21659 27 3 18.03.2024
21765 33 1 18.03.2024
21771 6 4 21.03.2024
21790 19 1 21.03.2024
21813 22 2 18.03.2024
21837 12 1 20.03.2024
21869 3 2 20.03.2024
21874 14 4 20.03.2024
21880 11 2 21.03.2024
21910 32 2 21.03.2024
21914 1 4 20.03.2024
21915 27 4 18.03.2024
22028 34 1 20.03.2024
22071 27 2 20.03.2024
22079 5 4 20.03.2024
22189 13 1 20.03.2024
22250 6 1 20.03.2024
22251 17 4 18.03.2024
22262 37 3 20.03.2024
22270 27 2 20.03.2024
22282 7 4 18.03.2024
22311 25 1 20.03.2024
22317 31 2 21.03.2024
22324 21 2 20.03.2024
22342 36 2 21.03.2024
22371 27 2 20.03.2024
22455 17 3 20.03.2024
22475 31 2 21.03.2024
22485 15 4 21.03.2024
22498 22 2 18.03.2024
22508 22 1 20.03.2024
22539 25 4 18.03.2024
22549 34 4 20.03.2024
22554 27 3 18.03.2024
22588 8 3 20.03.2024
22595 25 1 20.03.2024
22608 36 4 21.03.2024
22642 4 2 18.03.2024
22682 1 1 18.03.2024
22731 27 3 18.03.2024
22733 13 4 21.03.2024
22758 14 1 18.03.2024
22767 5 1 20.03.2024
22810 21 4 21.03.2024
22830 19 4 21.03.2024
22839 38 3 21.03.2024
22869 6 1 20.03.2024
22894 34 4 20.03.2024
22913 31 3 20.03.2024
22924 5 4 20.03.2024
22924 17 1 20.03.2024
22928 10 3 18.03.2024
22982 2 1 18.03.2024
22985 8 3 20.03.2024
23043 31 1 20.03.2024
23085 27 2 20.03.2024
23099 33 2 18.03.2024
23118 36 1 21.03.2024
23149 22 2 18.03.2024
23291 36 4 21.03.2024
23297 11 3 18.03.2024
23330 7 4 18.03.2024
23348 25 4 18.03.2024
23360 21 2 20.03.2024
23363 6 3 20.03.2024
23364 26 2 20.03.2024
23474 16 4 21.03.2024
23516 25 4 18.03.2024
23542 10 1 18.03.2024
23546 4 2 18.03.2024
23558 20 1 21.03.2024
23566 27 4 18.03.2024
23582 8 4 18.03.2024
23600 12 3 20.03.2024
23603 37 4 18.03.2024
23652 38 1 18.03.2024
23704 17 4 18.03.2024
23722 3 3 21.03.2024
23790 35 4 21.03.2024
23792 12 4 20.03.2024
23807 26 2 20.03.2024
23812 31 1 20.03.2024
23820 30 3 20.03.2024
23843 31 4 18.03.2024
23853 5 4 20.03.2024
23868 12 2 18.03.2024
23885 28 3 18.03.2024
23891 2 3 20.03.2024
23913 35 2 18.03.2024
23953 33 2 18.03.2024
23962 32 4 20.03.2024
23974 8 4 18.03.2024
24011 1 2 18.03.2024
24064 32 3 20.03.2024
24082 32 1 20.03.2024
24097 26 3 20.03.2024
24105 6 1 20.03.2024
24134 33 3 21.03.2024
24156 1 1 18.03.2024
24217 3 2 20.03.2024
24236 31 1 20.03.2024
24237 26 4 21.03.2024
24338 2 2 21.03.2024
24370 20 1 21.03.2024
24371 22 1 20.03.2024
24409 36 4 21.03.2024
24423 27 1 20.03.2024
24437 1 1 18.03.2024
24476 2 3 20.03.2024
24502 2 1 18.03.2024
24506 5 3 18.03.2024
24536 27 3 18.03.2024
24570 14 3 20.03.2024
24595 16 4 21.03.2024
24606 24 4 21.03.2024
24680 10 4 20.03.2024
24680 18 4 18.03.2024
24740 3 4 20.03.2024
24771 10 4 20.03.2024
24805 6 3 20.03.2024
24838 15 3 18.03.2024
24852 4 2 18.03.2024
24855 8 2 21.03.2024
24866 33 4 18.03.2024
24867 11 3 18.03.2024
24940 15 3 18.03.2024
25004 22 3 18.03.2024
25005 35 4 21.03.2024
25006 28 3 18.03.2024
25022 1 2 18.03.2024
25024 23 1 21.03.2024
25050 34 1 20.03.2024
25054 26 2 20.03.2024
25079 26 2 20.03.2024
25099 23 1 21.03.2024
25100 33 3 21.03.2024
25111 8 1 20.03.2024
25146 13 2 21.03.2024
25167 21 3 21.03.2024
25187 23 3 18.03.2024
25195 16 3 21.03.2024
25216 26 2 20.03.2024
25220 22 3 18.03.2024
25241 15 4 21.03.2024
25286 14 1 18.03.2024
25311 34 1 20.03.2024
25312 31 4 18.03.2024
25348 36 4 21.03.2024
25350 10 3 18.03.2024
25360 3 3 21.03.2024
25375 24 1 20.03.2024
25406 36 4 21.03.2024
25458 5 1 20.03.2024
25480 35 2 18.03.2024
25522 21 1 18.03.2024
25544 8 1 20.03.2024
25546 15 2 20.03.2024
25646 35 2 18.03.2024
25702 11 1 20.03.2024
25731 33 2 18.03.2024
25763 8 4 18.03.2024
25797 13 2 21.03.2024
25797 36 4 21.03.2024
25803 30 2 18.03.2024
25855 17 1 20.03.2024
25898 18 3 20.03.2024
25922 30 4 20.03.2024
25957 25 3 21.03.2024
25968 6 4 21.03.2024
25977 1 3 18.03.2024
26008 16 4 21.03.2024
26011 33 4 18.03.2024
26014 31 1 20.03.2024
26027 3 1 18.03.2024
26031 4 1 18.03.2024
26044 33 2 18.03.2024
26045 30 1 20.03.2024
26083 4 2 18.03.2024
26136 32 1 20.03.2024
26138 34 3 20.03.2024
26148 3 4 20.03.2024
26167 6 4 21.03.2024
26184 36 3 21.03.2024
26223 13 1 20.03.2024
26239 24 3 21.03.2024
26248 26 2 20.03.2024
26273 2 4 20.03.2024
26285 8 4 18.03.2024
26288 31 3 20.03.2024
26290 19 3 20.03.2024
26293 12 4 20.03.2024
26332 6 4 21.03.2024
26344 36 2 21.03.2024
26364 25 4 18.03.2024
26376 30 2 18.03.2024
26434 22 3 18.03.2024
26441 27 1 20.03.2024
26469 11 2 21.03.2024
26490 33 2 18.03.2024
26533 11 2 21.03.2024
26534 31 4 18.03.2024
26624 4 4 21.03.2024
26652 14 3 20.03.2024
26658 26 4 21.03.2024
26660 8 4 18.03.2024
26684 34 4 20.03.2024
26715 22 2 18.03.2024
26755 2 3 20.03.2024
26776 30 3 20.03.2024
26821 30 3 20.03.2024
26875 27 4 18.03.2024
26879 28 3 18.03.2024
26896 4 2 18.03.2024
26974 17 2 20.03.2024
26992 4 2 18.03.2024
27023 11 4 21.03.2024
27060 14 3 20.03.2024
27077 12 3 20.03.2024
27155 16 1 18.03.2024
27158 21 4 21.03.2024
27165 18 3 20.03.2024
27191 5 3 18.03.2024
27215 16 4 21.03.2024
27232 7 3 21.03.2024
27242 23 1 21.03.2024
27260 6 4 21.03.2024
27275 3 3 21.03.2024
27277 36 2 21.03.2024
27309 15 2 20.03.2024
27376 37 1 21.03.2024
27379 5 4 20.03.2024
27384 32 3 20.03.2024
27416 39 3 18.03.2024
27434 36 2 21.03.2024
27456 3 1 18.03.2024
27466 23 1 21.03.2024
27501 37 3 20.03.2024
27581 31 2 21.03.2024
27605 33 4 18.03.2024
27632 2 3 20.03.2024
27658 18 4 18.03.2024
27678 6 1 20.03.2024
27688 28 1 18.03.2024
27691 21 3 21.03.2024
27698 10 4 20.03.2024
27701 5 4 20.03.2024
27721 7 1 18.03.2024
27728 1 4 20.03.2024
27744 12 4 20.03.2024
27744 24 4 21.03.2024
27750 21 2 20.03.2024
27767 27 3 18.03.2024
27776 11 1 20.03.2024
27777 28 3 18.03.2024
27800 12 4 20.03.2024
27800 21 1 18.03.2024
27804 14 4 20.03.2024
27813 19 3 20.03.2024
27814 23 2 20.03.2024
27937 3 4 20.03.2024
27961 27 1 20.03.2024
28043 13 2 21.03.2024
28053 27 3 18.03.2024
28088 25 3 21.03.2024
28119 2 4 20.03.2024
28126 21 2 20.03.2024
28133 27 3 18.03.2024
28218 32 4 20.03.2024
28253 19 4 21.03.2024
28316 1 3 18.03.2024
28323 23 3 18.03.2024
28350 7 4 18.03.2024
28360 20 1 21.03.2024
28369 8 4 18.03.2024
28369 31 1 20.03.2024
28413 20 1 21.03.2024
28430 5 1 20.03.2024
28434 23 4 20.03.2024
28435 12 3 20.03.2024
28466 1 2 18.03.2024
28481 26 3 20.03.2024
28493 15 3 18.03.2024
28512 32 3 20.03.2024
28522 38 1 18.03.2024
28542 17 1 20.03.2024
28558 19 3 20.03.2024
28592 20 1 21.03.2024
28595 37 4 18.03.2024
28625 2 1 18.03.2024
28634 12 1 20.03.2024
28652 36 1 21.03.2024
28657 10 3 18.03.2024
28677 38 2 20.03.2024
28693 15 4 21.03.2024
28700 35 3 21.03.2024
28765 12 3 20.03.2024
28777 22 4 21.03.2024
28796 12 4 20.03.2024
28882 6 3 20.03.2024
28914 2 1 18.03.2024
28957 30 1 20.03.2024
28992 5 3 18.03.2024
29088 13 4 21.03.2024
29113 18 1 20.03.2024
29170 5 1 20.03.2024
29193 39 4 20.03.2024
29197 24 2 18.03.2024
29205 32 1 20.03.2024
29273 36 2 21.03.2024
29298 19 2 18.03.2024
29335 17 2 20.03.2024
29337 18 4 18.03.2024
29338 37 4 18.03.2024
29346 13 3 20.03.2024
29346 28 3 18.03.2024
29369 17 3 20.03.2024
29373 1 3 18.03.2024
29429 10 3 18.03.2024
29479 17 1 20.03.2024
29498 23 3 18.03.2024
29505 30 3 20.03.2024
29510 7 2 18.03.2024
29518 11 3 18.03.2024
29519 6 4 21.03.2024
29532 38 4 18.03.2024
29553 30 1 20.03.2024
29565 19 1 21.03.2024
29574 37 1 21.03.2024
29588 8 4 18.03.2024
29623 6 1 20.03.2024
29628 5 3 18.03.2024
29639 3 3 21.03.2024
29666 12 3 20.03.2024
29677 31 3 20.03.2024
29719 3 1 18.03.2024
29746 17 3 20.03.2024
29747 24 3 21.03.2024
29753 27 2 20.03.2024
29771 38 2 20.03.2024
29823 37 4 18.03.2024
29824 6 3 20.03.2024
29866 11 1 20.03.2024
29873 1 3 18.03.2024
29895 26 3 20.03.2024
29903 6 3 20.03.2024
29912 31 2 21.03.2024
29951 17 1 20.03.2024
29975 6 4 21.03.2024
30010 4 3 20.03.2024
30055 36 1 21.03.2024
30067 34 3 20.03.2024
30089 25 4 18.03.2024
30095 14 3 20.03.2024
30106 3 1 18.03.2024
30157 11 4 21.03.2024
30183 10 4 20.03.2024
30191 10 2 20.03.2024
30198 38 4 18.03.2024
30207 6 3 20.03.2024
30242 15 1 21.03.2024
30312 18 3 20.03.2024
30340 10 1 18.03.2024
30357 5 3 18.03.2024
30357 18 3 20.03.2024
30365 2 4 20.03.2024
30366 35 2 18.03.2024
30383 35 1 18.03.2024
30396 34 3 20.03.2024
30403 17 1 20.03.2024
30423 35 3 21.03.2024
30459 31 2 21.03.2024
30464 30 2 18.03.2024
30468 18 1 20.03.2024
30468 22 3 18.03.2024
30483 12 1 20.03.2024
30496 14 1 18.03.2024
30525 33 4 18.03.2024
30540 34 2 21.03.2024
30610 15 3 18.03.2024
30632 25 1 20.03.2024
30649 16 3 21.03.2024
30705 31 1 20.03.2024
30940 14 4 20.03.2024
30945 6 4 21.03.2024
30953 35 2 18.03.2024
30956 1 4 20.03.2024
30960 31 2 21.03.2024
30987 24 1 20.03.2024
31018 28 4 21.03.2024
31022 27 4 18.03.2024
31035 31 4 18.03.2024
31040 36 2 21.03.2024
31051 5 2 18.03.2024
31055 21 2 20.03.2024
31067 8 2 21.03.2024
31119 27 2 20.03.2024
31157 7 3 21.03.2024
31200 19 3 20.03.2024
31232 15 2 20.03.2024
31232 39 2 18.03.2024
31249 17 3 20.03.2024
31263 33 1 18.03.2024
31271 15 3 18.03.2024
31299 35 4 21.03.2024
31353 32 4 20.03.2024
31418 15 3 18.03.2024
31426 1 4 20.03.2024
31442 34 2 21.03.2024
31452 10 1 18.03.2024
31483 34 2 21.03.2024
31491 8 4 18.03.2024
31522 38 1 18.03.2024
31525 38 4 18.03.2024
31531 35 2 18.03.2024
31540 39 3 18.03.2024
31545 35 1 18.03.2024
31560 15 2 20.03.2024
31594 18 3 20.03.2024
31607 32 1 20.03.2024
31609 11 2 21.03.2024
31665 6 1 20.03.2024
31718 1 1 18.03.2024
31749 3 1 18.03.2024
31749 5 4 20.03.2024
31753 1 1 18.03.2024
31789 18 1 20.03.2024
31792 28 1 18.03.2024
31810 32 2 21.03.2024
31811 2 1 18.03.2024
31826 33 3 21.03.2024
31843 3 2 20.03.2024
31854 20 4 20.03.2024
31862 14 2 21.03.2024
31895 20 1 21.03.2024
31926 1 3 18.03.2024
31948 3 1 18.03.2024
32013 24 3 21.03.2024
32035 12 3 20.03.2024
32050 15 2 20.03.2024
32073 26 3 20.03.2024
32094 14 3 20.03.2024
32096 28 1 18.03.2024
32100 31 4 18.03.2024
32146 28 1 18.03.2024
32186 22 3 18.03.2024
32195 24 3 21.03.2024
32246 32 3 20.03.2024
32253 3 3 21.03.2024
32271 23 4 20.03.2024
32277 27 4 18.03.2024
32311 38 2 20.03.2024
32320 24 4 21.03.2024
32381 3 2 20.03.2024
32392 20 2 20.03.2024
32405 33 3 21.03.2024
32429 8 4 18.03.2024
32523 37 4 18.03.2024
32603 32 4 20.03.2024
32625 22 3 18.03.2024
32690 24 3 21.03.2024
32697 8 4 18.03.2024
32816 14 3 20.03.2024
32855 32 2 21.03.2024
32856 11 3 18.03.2024
32864 17 3 20.03.2024
32881 4 1 18.03.2024
32933 32 2 21.03.2024
33052 5 1 20.03.2024
33065 33 2 18.03.2024
33070 22 2 18.03.2024
33105 23 4 20.03.2024
33126 38 3 21.03.2024
33142 13 1 20.03.2024
33170 33 2 18.03.2024
33192 35 3 21.03.2024
33208 35 1 18.03.2024
33209 32 2 21.03.2024
33297 27 2 20.03.2024
33338 5 3 18.03.2024
33368 7 4 18.03.2024
33393 36 3 21.03.2024
33397 1 2 18.03.2024
33422 33 3 21.03.2024
33425 16 3 21.03.2024
33454 4 2 18.03.2024
33473 4 2 18.03.2024
33516 38 3 21.03.2024
33581 24 2 18.03.2024
33592 24 1 20.03.2024
33677 20 2 20.03.2024
33691 38 2 20.03.2024
33729 11 1 20.03.2024
33742 16 3 21.03.2024
33761 36 1 21.03.2024
33817 38 2 20.03.2024
33818 8 3 20.03.2024
33838 33 4 18.03.2024
33907 5 2 18.03.2024
33919 14 3 20.03.2024
33932 1 4 20.03.2024
34010 11 4 21.03.2024
34024 2 3 20.03.2024
34025 1 1 18.03.2024
34040 33 3 21.03.2024
34061 13 4 21.03.2024
34103 34 1 20.03.2024
34104 25 1 20.03.2024
34135 18 3 20.03.2024
34161 39 2 18.03.2024
34163 1 1 18.03.2024
34309 34 4 20.03.2024
34319 3 4 20.03.2024
34508 27 4 18.03.2024
34515 25 4 18.03.2024
34596 34 1 20.03.2024
34600 2 1 18.03.2024
34662 35 2 18.03.2024
34767 15 3 18.03.2024
34786 6 3 20.03.2024
34801 21 4 21.03.2024
34813 10 3 18.03.2024
34818 2 1 18.03.2024
34834 3 3 21.03.2024
34845 36 2 21.03.2024
34913 5 3 18.03.2024
34943 15 4 21.03.2024
35024 3 2 20.03.2024
35030 26 2 20.03.2024
35094 35 1 18.03.2024
35111 14 3 20.03.2024
35128 36 4 21.03.2024
35158 20 1 21.03.2024
35180 10 3 18.03.2024
35181 10 2 20.03.2024
35219 32 3 20.03.2024
35221 3 3 21.03.2024
35228 11 4 21.03.2024
35236 16 1 18.03.2024
35249 33 3 21.03.2024
35309 17 2 20.03.2024
35337 26 3 20.03.2024
35347 5 4 20.03.2024
35352 3 4 20.03.2024
35367 7 1 18.03.2024
35369 7 2 18.03.2024
35415 11 2 21.03.2024
35449 18 1 20.03.2024
35457 30 2 18.03.2024
35467 32 2 21.03.2024
35472 4 3 20.03.2024
35548 25 4 18.03.2024
35562 1 3 18.03.2024
35570 10 4 20.03.2024
35585 32 4 20.03.2024
35628 18 2 18.03.2024
35637 38 3 21.03.2024
35659 3 3 21.03.2024
35738 2 1 18.03.2024
35759 12 4 20.03.2024
35781 5 4 20.03.2024
35799 19 3 20.03.2024
35832 14 3 20.03.2024
35851 5 3 18.03.2024
35852 6 2 20.03.2024
35873 25 2 20.03.2024
35907 35 3 21.03.2024
35909 1 4 20.03.2024
35934 5 2 18.03.2024
35935 6 2 20.03.2024
35935 38 3 21.03.2024
35979 17 2 20.03.2024
35983 16 1 18.03.2024
35986 12 4 20.03.2024
35996 33 4 18.03.2024
36017 8 3 20.03.2024
36051 23 2 20.03.2024
36056 2 1 18.03.2024
36061 38 4 18.03.2024
36098 25 4 18.03.2024
36098 28 1 18.03.2024
36101 4 2 18.03.2024
36106 11 4 21.03.2024
36106 16 1 18.03.2024
36116 8 1 20.03.2024
36167 10 4 20.03.2024
36174 10 4 20.03.2024
36191 10 4 20.03.2024
36197 36 2 21.03.2024
36225 32 3 20.03.2024
36230 18 1 20.03.2024
36244 10 3 18.03.2024
36250 17 4 18.03.2024
36275 36 2 21.03.2024
36277 20 4 20.03.2024
36290 4 4 21.03.2024
36306 5 4 20.03.2024
36309 26 2 20.03.2024
36331 33 3 21.03.2024
36332 19 3 20.03.2024
36348 17 3 20.03.2024
36351 13 2 21.03.2024
36389 28 4 21.03.2024
36399 30 3 20.03.2024
36408 15 2 20.03.2024
36417 3 4 20.03.2024
36427 12 3 20.03.2024
36469 24 2 18.03.2024
36469 31 1 20.03.2024
36469 36 1 21.03.2024
36484 26 4 21.03.2024
36523 31 2 21.03.2024
36531 31 3 20.03.2024
36563 23 1 21.03.2024
36594 7 4 18.03.2024
36597 7 2 18.03.2024
36608 13 1 20.03.2024
36645 5 2 18.03.2024
36669 11 2 21.03.2024
36708 17 3 20.03.2024
36721 6 1 20.03.2024
36819 22 1 20.03.2024
36858 14 1 18.03.2024
36874 21 4 21.03.2024
36874 27 4 18.03.2024
36897 12 1 20.03.2024
36915 16 4 21.03.2024
36945 2 4 20.03.2024
36974 21 4 21.03.2024
36979 8 2 21.03.2024
37061 32 4 20.03.2024
37063 14 2 21.03.2024
37069 30 4 20.03.2024
37086 11 2 21.03.2024
37117 5 2 18.03.2024
37150 19 4 21.03.2024
37256 27 4 18.03.2024
37278 25 1 20.03.2024
37284 36 3 21.03.2024
37290 3 3 21.03.2024
37371 35 1 18.03.2024
37376 38 2 20.03.2024
37385 16 4 21.03.2024
37417 33 4 18.03.2024
37420 6 2 20.03.2024
37456 26 2 20.03.2024
37457 4 4 21.03.2024
37479 19 2 18.03.2024
37557 32 3 20.03.2024
37584 26 1 20.03.2024
37612 21 3 21.03.2024
37624 21 4 21.03.2024
37700 22 1 20.03.2024
37705 10 2 20.03.2024
37726 16 3 21.03.2024
37785 16 2 20.03.2024
37820 20 1 21.03.2024
37834 17 2 20.03.2024
37858 25 3 21.03.2024
37863 39 1 21.03.2024
37871 4 3 20.03.2024
37908 26 2 20.03.2024
37961 28 4 21.03.2024
37965 7 2 18.03.2024
37974 38 2 20.03.2024
37986 35 2 18.03.2024
38003 21 2 20.03.2024
38010 18 3 20.03.2024
38017 3 3 21.03.2024
38017 6 1 20.03.2024
38043 1 3 18.03.2024
38045 1 4 20.03.2024
38045 25 1 20.03.2024
38065 1 4 20.03.2024
38097 7 1 18.03.2024
38098 6 1 20.03.2024
38098 33 3 21.03.2024
38118 17 3 20.03.2024
38140 37 4 18.03.2024
38145 10 4 20.03.2024
38177 23 1 21.03.2024
38185 20 4 20.03.2024
38216 5 1 20.03.2024
38225 14 2 21.03.2024
38237 10 3 18.03.2024
38246 32 4 20.03.2024
38270 17 3 20.03.2024
38299 12 1 20.03.2024
38302 20 1 21.03.2024
38316 21 2 20.03.2024
38325 23 1 21.03.2024
38330 19 3 20.03.2024
38363 4 2 18.03.2024
38367 30 3 20.03.2024
38385 6 3 20.03.2024
38403 37 1 21.03.2024
38421 30 3 20.03.2024
38440 33 2 18.03.2024
38450 26 3 20.03.2024
38481 35 3 21.03.2024
38484 21 2 20.03.2024
38501 11 3 18.03.2024
38514 31 1 20.03.2024
38582 26 4 21.03.2024
38586 16 4 21.03.2024
38653 39 2 18.03.2024
38656 10 4 20.03.2024
38668 4 4 21.03.2024
38687 36 4 21.03.2024
38748 22 3 18.03.2024
38764 25 3 21.03.2024
38770 17 1 20.03.2024
38806 34 4 20.03.2024
38828 33 2 18.03.2024
38858 22 2 18.03.2024
38874 26 3 20.03.2024
38882 11 3 18.03.2024
38891 33 2 18.03.2024
38953 30 1 20.03.2024
38961 11 3 18.03.2024
38978 11 3 18.03.2024
38988 5 2 18.03.2024
38998 3 3 21.03.2024
39028 24 4 21.03.2024
39050 21 1 18.03.2024
39055 34 1 20.03.2024
39059 10 2 20.03.2024
39103 31 3 20.03.2024
39147 17 3 20.03.2024
39177 10 4 20.03.2024
39182 17 4 18.03.2024
39267 2 1 18.03.2024
39270 10 3 18.03.2024
39281 23 3 18.03.2024
39321 37 4 18.03.2024
39341 37 2 21.03.2024
39390 16 4 21.03.2024
39433 27 2 20.03.2024
39439 1 3 18.03.2024
39445 34 4 20.03.2024
39450 34 1 20.03.2024
39461 26 2 20.03.2024
39477 10 4 20.03.2024
39516 4 4 21.03.2024
39536 35 1 18.03.2024
39537 28 3 18.03.2024
39539 11 3 18.03.2024
39566 16 4 21.03.2024
39695 27 1 20.03.2024
39697 16 1 18.03.2024
39730 27 4 18.03.2024
39738 39 3 18.03.2024
39769 32 4 20.03.2024
39801 8 4 18.03.2024
39807 1 3 18.03.2024
39808 14 4 20.03.2024
39826 32 3 20.03.2024
39837 11 2 21.03.2024
39845 37 1 21.03.2024
39878 1 2 18.03.2024
39902 3 3 21.03.2024
39929 37 3 20.03.2024
39986 8 2 21.03.2024
40046 7 1 18.03.2024
40083 16 2 20.03.2024
40090 15 3 18.03.2024
40096 1 4 20.03.2024
40141 34 1 20.03.2024
40163 38 2 20.03.2024
40167 10 1 18.03.2024
40171 6 3 20.03.2024
40176 35 1 18.03.2024
40178 22 2 18.03.2024
40228 20 2 20.03.2024
40245 35 3 21.03.2024
40246 27 1 20.03.2024
40247 36 4 21.03.2024
40299 28 2 21.03.2024
40308 6 1 20.03.2024
40309 4 1 18.03.2024
40309 5 2 18.03.2024
40339 22 2 18.03.2024
40355 38 1 18.03.2024
40375 21 1 18.03.2024
40378 36 2 21.03.2024
40402 36 3 21.03.2024
40433 20 1 21.03.2024
40509 37 4 18.03.2024
40551 10 3 18.03.2024
40563 6 3 20.03.2024
40607 10 2 20.03.2024
40633 17 4 18.03.2024
40642 15 2 20.03.2024
40682 2 4 20.03.2024
40733 28 3 18.03.2024
40736 31 2 21.03.2024
40767 33 3 21.03.2024
40780 12 3 20.03.2024
40791 32 3 20.03.2024
40809 27 3 18.03.2024
40844 3 4 20.03.2024
40848 4 3 20.03.2024
40867 32 3 20.03.2024
40891 2 2 21.03.2024
40972 35 3 21.03.2024
40975 36 4 21.03.2024
41006 20 2 20.03.2024
41061 37 3 20.03.2024
41076 6 2 20.03.2024
41094 37 4 18.03.2024
41100 6 3 20.03.2024
41130 26 3 20.03.2024
41190 6 3 20.03.2024
41223 38 4 18.03.2024
41227 39 2 18.03.2024
41266 19 3 20.03.2024
41275 16 2 20.03.2024
41285 14 3 20.03.2024
41327 38 2 20.03.2024
41364 14 3 20.03.2024
41403 13 2 21.03.2024
41457 3 4 20.03.2024
41458 21 1 18.03.2024
41461 6 3 20.03.2024
41468 17 4 18.03.2024
41478 5 3 18.03.2024
41494 6 4 21.03.2024
41536 21 4 21.03.2024
41556 20 3 18.03.2024
41567 1 2 18.03.2024
41583 6 4 21.03.2024
41592 12 1 20.03.2024
41619 32 4 20.03.2024
41656 19 3 20.03.2024
41659 34 3 20.03.2024
41660 17 1 20.03.2024
41663 7 1 18.03.2024
41682 23 4 20.03.2024
41709 12 4 20.03.2024
41713 30 1 20.03.2024
41724 1 4 20.03.2024
41741 32 2 21.03.2024
41759 33 2 18.03.2024
41821 37 1 21.03.2024
41844 17 4 18.03.2024
41864 16 1 18.03.2024
41942 30 3 20.03.2024
41945 23 1 21.03.2024
41963 20 3 18.03.2024
42003 1 1 18.03.2024
42004 16 3 21.03.2024
42042 38 3 21.03.2024
42071 2 2 21.03.2024
42077 38 2 20.03.2024
42096 8 2 21.03.2024
42121 34 3 20.03.2024
42181 24 4 21.03.2024
42202 23 4 20.03.2024
42210 16 4 21.03.2024
42260 4 2 18.03.2024
42281 4 4 21.03.2024
42285 10 2 20.03.2024
42291 36 2 21.03.2024
42364 35 2 18.03.2024
42368 16 1 18.03.2024
42378 13 1 20.03.2024
42554 4 1 18.03.2024
42569 3 3 21.03.2024
42586 31 3 20.03.2024
42594 11 2 21.03.2024
42626 8 2 21.03.2024
42686 1 3 18.03.2024
42694 12 2 18.03.2024
42724 32 1 20.03.2024
42729 5 1 20.03.2024
42736 14 2 21.03.2024
42780 3 3 21.03.2024
42783 28 3 18.03.2024
42796 15 2 20.03.2024
42812 30 2 18.03.2024
42824 27 2 20.03.2024
42846 3 1 18.03.2024
42864 15 4 21.03.2024
42879 26 4 21.03.2024
42930 23 4 20.03.2024
43002 5 3 18.03.2024
43004 3 1 18.03.2024
43011 6 1 20.03.2024
43038 37 3 20.03.2024
43046 32 3 20.03.2024
43050 2 2 21.03.2024
43105 3 4 20.03.2024
43117 30 1 20.03.2024
43134 8 4 18.03.2024
43137 12 1 20.03.2024
43139 3 4 20.03.2024
43143 5 1 20.03.2024
43151 24 3 21.03.2024
43154 31 1 20.03.2024
43163 28 3 18.03.2024
43221 17 3 20.03.2024
43258 21 4 21.03.2024
43282 12 3 20.03.2024
43308 5 3 18.03.2024
43323 3 4 20.03.2024
43325 34 4 20.03.2024
43328 3 2 20.03.2024
43332 8 4 18.03.2024
43334 24 3 21.03.2024
43351 34 4 20.03.2024
43363 12 3 20.03.2024
43403 36 2 21.03.2024
43415 4 1 18.03.2024
43481 11 4 21.03.2024
43491 24 4 21.03.2024
43505 11 4 21.03.2024
43530 28 1 18.03.2024
43536 27 1 20.03.2024
43553 3 1 18.03.2024
43582 1 1 18.03.2024
43587 6 3 20.03.2024
43599 27 2 20.03.2024
43603 6 4 21.03.2024
43656 5 3 18.03.2024
43702 34 4 20.03.2024
43739 25 1 20.03.2024
43757 10 1 18.03.2024
43776 8 4 18.03.2024
43796 13 1 20.03.2024
43813 10 2 20.03.2024
43845 21 3 21.03.2024
43908 18 4 18.03.2024
43923 32 1 20.03.2024
43944 25 3 21.03.2024
43950 37 1 21.03.2024
43980 28 1 18.03.2024
43984 39 1 21.03.2024
44054 12 2 18.03.2024
44055 17 1 20.03.2024
44074 36 4 21.03.2024
44082 8 4 18.03.2024
44131 35 2 18.03.2024
44161 14 4 20.03.2024
44175 26 4 21.03.2024
44183 26 2 20.03.2024
44188 2 1 18.03.2024
44189 2 3 20.03.2024
44190 1 1 18.03.2024
44215 23 3 18.03.2024
44247 6 1 20.03.2024
44248 28 1 18.03.2024
44266 2 2 21.03.2024
44314 23 1 21.03.2024
44332 21 4 21.03.2024
44335 35 4 21.03.2024
44346 12 4 20.03.2024
44355 38 4 18.03.2024
44369 27 2 20.03.2024
44371 6 1 20.03.2024
44393 12 3 20.03.2024
44408 21 2 20.03.2024
44411 17 2 20.03.2024
44415 5 1 20.03.2024
44489 20 1 21.03.2024
44497 7 4 18.03.2024
44501 36 4 21.03.2024
44546 25 2 20.03.2024
44564 26 2 20.03.2024
44591 15 3 18.03.2024
44614 7 3 21.03.2024
44636 23 1 21.03.2024
44677 17 3 20.03.2024
44687 10 2 20.03.2024
44694 35 3 21.03.2024
44751 3 2 20.03.2024
44775 25 3 21.03.2024
44822 22 2 18.03.2024
44842 10 4 20.03.2024
44842 26 3 20.03.2024
44946 24 3 21.03.2024
44968 26 4 21.03.2024
44976 8 2 21.03.2024
45045 35 3 21.03.2024
45085 34 2 21.03.2024
45161 21 1 18.03.2024
45176 33 3 21.03.2024
45225 15 2 20.03.2024
45226 4 2 18.03.2024
45251 30 3 20.03.2024
45265 14 1 18.03.2024
45288 28 3 18.03.2024
45311 20 1 21.03.2024
45348 14 2 21.03.2024
45360 13 2 21.03.2024
45364 2 4 20.03.2024
45379 26 4 21.03.2024
45386 21 1 18.03.2024
45393 14 1 18.03.2024
45474 8 2 21.03.2024
45476 38 3 21.03.2024
45478 26 3 20.03.2024
45519 37 4 18.03.2024
45520 34 3 20.03.2024
45606 21 4 21.03.2024
45611 31 1 20.03.2024
45637 16 3 21.03.2024
45662 5 1 20.03.2024
45726 18 3 20.03.2024
45734 38 1 18.03.2024
45740 18 1 20.03.2024
45744 2 2 21.03.2024
45750 4 3 20.03.2024
45757 35 3 21.03.2024
45770 31 4 18.03.2024
45775 4 2 18.03.2024
45776 28 3 18.03.2024
45784 32 1 20.03.2024
45786 15 2 20.03.2024
45836 13 1 20.03.2024
45848 10 2 20.03.2024
45876 18 4 18.03.2024
45883 22 1 20.03.2024
45883 33 4 18.03.2024
45912 24 4 21.03.2024
46038 15 3 18.03.2024
46068 22 2 18.03.2024
46070 6 4 21.03.2024
46093 18 2 18.03.2024
46093 27 2 20.03.2024
46094 11 4 21.03.2024
46096 39 2 18.03.2024
46103 23 2 20.03.2024
46117 37 4 18.03.2024
46127 35 1 18.03.2024
46156 22 3 18.03.2024
46188 19 2 18.03.2024
46207 14 4 20.03.2024
46261 33 2 18.03.2024
46262 36 4 21.03.2024
46280 24 1 20.03.2024
46280 30 1 20.03.2024
46286 34 3 20.03.2024
46295 20 3 18.03.2024
46307 16 4 21.03.2024
46329 27 1 20.03.2024
46348 18 3 20.03.2024
46358 6 4 21.03.2024
46371 30 4 20.03.2024
46373 35 4 21.03.2024
46410 36 3 21.03.2024
46464 15 2 20.03.2024
46480 10 2 20.03.2024
46489 16 2 20.03.2024
46492 18 3 20.03.2024
46523 23 2 20.03.2024
46605 16 4 21.03.2024
46613 36 1 21.03.2024
46669 27 2 20.03.2024
46672 26 2 20.03.2024
46684 6 3 20.03.2024
46696 27 2 20.03.2024
46778 22 2 18.03.2024
46797 14 4 20.03.2024
46821 37 4 18.03.2024
46834 21 3 21.03.2024
46856 10 4 20.03.2024
46873 15 2 20.03.2024
46879 38 3 21.03.2024
46881 27 2 20.03.2024
46892 17 3 20.03.2024
46930 33 1 18.03.2024
46935 31 1 20.03.2024
46944 15 3 18.03.2024
46960 16 2 20.03.2024
46978 37 2 21.03.2024
46989 32 4 20.03.2024
47077 39 2 18.03.2024
47078 35 4 21.03.2024
47087 15 1 21.03.2024
47108 25 1 20.03.2024
47118 30 2 18.03.2024
47127 8 1 20.03.2024
47165 15 2 20.03.2024
47175 2 1 18.03.2024
47186 6 3 20.03.2024
47198 16 2 20.03.2024
47236 34 3 20.03.2024
47237 27 1 20.03.2024
47258 13 3 20.03.2024
47294 16 4 21.03.2024
47300 30 3 20.03.2024
47314 39 1 21.03.2024
47353 2 3 20.03.2024
47363 10 3 18.03.2024
47400 15 3 18.03.2024
47405 18 3 20.03.2024
47406 16 3 21.03.2024
47406 26 4 21.03.2024
47410 37 4 18.03.2024
47458 16 1 18.03.2024
47514 38 2 20.03.2024
47530 10 3 18.03.2024
47543 15 4 21.03.2024
47599 1 3 18.03.2024
47618 23 3 18.03.2024
47682 38 1 18.03.2024
47689 38 4 18.03.2024
47704 28 2 21.03.2024
47710 26 1 20.03.2024
47770 27 3 18.03.2024
47778 21 1 18.03.2024
47780 10 4 20.03.2024
47833 11 2 21.03.2024
47833 35 3 21.03.2024
47862 33 3 21.03.2024
47871 37 1 21.03.2024
47874 26 2 20.03.2024
47936 35 1 18.03.2024
47942 10 4 20.03.2024
47945 30 1 20.03.2024
47946 1 1 18.03.2024
47946 13 2 21.03.2024
47956 13 2 21.03.2024
47987 8 4 18.03.2024
48009 13 3 20.03.2024
48068 15 2 20.03.2024
48073 1 4 20.03.2024
48147 8 1 20.03.2024
48149 11 4 21.03.2024
48221 38 1 18.03.2024
48390 8 4 18.03.2024
48400 13 1 20.03.2024
48401 31 2 21.03.2024
48426 33 1 18.03.2024
48436 18 3 20.03.2024
48439 1 3 18.03.2024
48447 1 4 20.03.2024
48468 24 1 20.03.2024
48473 31 2 21.03.2024
48529 27 4 18.03.2024
48553 28 4 21.03.2024
48586 22 1 20.03.2024
48636 19 1 21.03.2024
48673 32 4 20.03.2024
48733 12 3 20.03.2024
48740 1 3 18.03.2024
48769 34 1 20.03.2024
48771 36 3 21.03.2024
48811 13 4 21.03.2024
48886 3 1 18.03.2024
48892 32 3 20.03.2024
48897 36 4 21.03.2024
48906 34 3 20.03.2024
48909 8 4 18.03.2024
48915 30 2 18.03.2024
49005 36 2 21.03.2024
49105 11 3 18.03.2024
49144 14 3 20.03.2024
49160 2 4 20.03.2024
49174 1 3 18.03.2024
49278 8 1 20.03.2024
49287 1 2 18.03.2024
49296 25 2 20.03.2024
49457 23 1 21.03.2024
49485 8 3 20.03.2024
49500 3 2 20.03.2024
49506 21 4 21.03.2024
49538 1 4 20.03.2024
49547 6 1 20.03.2024
49611 3 2 20.03.2024
49642 7 1 18.03.2024
49648 8 3 20.03.2024
49686 32 3 20.03.2024
49695 22 2 18.03.2024
49732 5 3 18.03.2024
49751 12 3 20.03.2024
49751 16 4 21.03.2024
49846 31 1 20.03.2024
49873 12 3 20.03.2024
49891 15 4 21.03.2024
49897 35 2 18.03.2024
49952 14 3 20.03.2024
49957 23 1 21.03.2024
50025 18 3 20.03.2024
50066 14 2 21.03.2024
50108 14 2 21.03.2024
50132 1 2 18.03.2024
50150 17 3 20.03.2024
50159 22 2 18.03.2024
50160 36 1 21.03.2024
50163 11 3 18.03.2024
50202 37 1 21.03.2024
50233 26 2 20.03.2024
50244 16 1 18.03.2024
50275 5 1 20.03.2024
50279 2 4 20.03.2024
50281 2 3 20.03.2024
50331 30 3 20.03.2024
50337 20 2 20.03.2024
50366 8 2 21.03.2024
50402 22 1 20.03.2024
50411 21 1 18.03.2024
50412 25 3 21.03.2024
50416 6 1 20.03.2024
50446 21 4 21.03.2024
50469 19 3 20.03.2024
50481 15 3 18.03.2024
50500 22 1 20.03.2024
50614 4 4 21.03.2024
50617 35 3 21.03.2024
50630 19 2 18.03.2024
50638 21 1 18.03.2024
50688 34 3 20.03.2024
50696 8 3 20.03.2024
50710 1 3 18.03.2024
50727 3 1 18.03.2024
50760 33 4 18.03.2024
50761 7 1 18.03.2024
50767 27 3 18.03.2024
50861 30 4 20.03.2024
50865 18 4 18.03.2024
50881 15 3 18.03.2024
50903 24 4 21.03.2024
50908 6 1 20.03.2024
50912 30 2 18.03.2024
50919 15 2 20.03.2024
50943 8 2 21.03.2024
50994 27 2 20.03.2024
51017 26 3 20.03.2024
51021 3 4 20.03.2024
51031 16 1 18.03.2024
51033 38 2 20.03.2024
51036 30 2 18.03.2024
51047 2 1 18.03.2024
51083 38 1 18.03.2024
51085 22 2 18.03.2024
51202 23 1 21.03.2024
51213 15 1 21.03.2024
51327 12 1 20.03.2024
51328 27 1 20.03.2024
51358 7 4 18.03.2024
51367 12 1 20.03.2024
51373 30 2 18.03.2024
51407 21 1 18.03.2024
51417 18 3 20.03.2024
51419 15 2 20.03.2024
51451 26 1 20.03.2024
51452 22 3 18.03.2024
51455 32 1 20.03.2024
51467 19 4 21.03.2024
51493 30 1 20.03.2024
51511 12 4 20.03.2024
51579 11 3 18.03.2024
51581 12 3 20.03.2024
51609 19 1 21.03.2024
51620 22 3 18.03.2024
51676 11 4 21.03.2024
51679 2 4 20.03.2024
51704 22 3 18.03.2024
51755 10 4 20.03.2024
51817 17 4 18.03.2024
51839 19 4 21.03.2024
51841 1 3 18.03.2024
51845 36 2 21.03.2024
51908 10 2 20.03.2024
51945 22 1 20.03.2024
51953 31 2 21.03.2024
51985 7 4 18.03.2024
51986 27 3 18.03.2024
52021 37 3 20.03.2024
52031 37 1 21.03.2024
52060 4 4 21.03.2024
52071 11 1 20.03.2024
52081 23 1 21.03.2024
52084 2 2 21.03.2024
52253 17 1 20.03.2024
52253 31 1 20.03.2024
52293 26 1 20.03.2024
52306 12 1 20.03.2024
52372 33 4 18.03.2024
52379 2 1 18.03.2024
52391 19 4 21.03.2024
52413 12 3 20.03.2024
52449 26 4 21.03.2024
52514 8 2 21.03.2024
52518 35 4 21.03.2024
52526 1 3 18.03.2024
52573 8 2 21.03.2024
52600 5 4 20.03.2024
52621 16 2 20.03.2024
52629 37 1 21.03.2024
52631 33 3 21.03.2024
52633 24 1 20.03.2024
52653 31 2 21.03.2024
52677 39 2 18.03.2024
52710 24 2 18.03.2024
52713 8 3 20.03.2024
52726 24 2 18.03.2024
52825 26 3 20.03.2024
52849 33 2 18.03.2024
52868 5 1 20.03.2024
52881 2 1 18.03.2024
52896 21 4 21.03.2024
52913 2 1 18.03.2024
52938 18 3 20.03.2024
52949 37 3 20.03.2024
52955 1 4 20.03.2024
53044 12 1 20.03.2024
53069 19 2 18.03.2024
53069 27 4 18.03.2024
53075 20 2 20.03.2024
53089 10 3 18.03.2024
53139 30 3 20.03.2024
53166 6 1 20.03.2024
53172 39 1 21.03.2024
53189 38 1 18.03.2024
53206 25 4 18.03.2024
53236 28 2 21.03.2024
53237 25 2 20.03.2024
53248 11 4 21.03.2024
53274 34 4 20.03.2024
53292 23 3 18.03.2024
53306 12 4 20.03.2024
53353 39 3 18.03.2024
53355 1 4 20.03.2024
53365 26 2 20.03.2024
53394 5 4 20.03.2024
53433 4 3 20.03.2024
53437 4 1 18.03.2024
53447 30 3 20.03.2024
53463 1 1 18.03.2024
53534 25 4 18.03.2024
53541 18 4 18.03.2024
53609 34 2 21.03.2024
53613 17 1 20.03.2024
53644 23 2 20.03.2024
53667 31 3 20.03.2024
53715 31 2 21.03.2024
53720 36 2 21.03.2024
53733 6 3 20.03.2024
53777 30 2 18.03.2024
53825 12 2 18.03.2024
53825 23 4 20.03.2024
53829 34 3 20.03.2024
53838 2 4 20.03.2024
53872 7 2 18.03.2024
53873 7 1 18.03.2024
53901 24 3 21.03.2024
53941 15 1 21.03.2024
53975 25 1 20.03.2024
53981 27 3 18.03.2024
54035 12 2 18.03.2024
54056 37 3 20.03.2024
54078 23 2 20.03.2024
54090 4 1 18.03.2024
54147 32 4 20.03.2024
54154 34 4 20.03.2024
54159 20 2 20.03.2024
54177 22 3 18.03.2024
54183 27 2 20.03.2024
54197 21 2 20.03.2024
54210 22 1 20.03.2024
54256 23 3 18.03.2024
54292 12 3 20.03.2024
54307 37 1 21.03.2024
54331 3 1 18.03.2024
54421 2 4 20.03.2024
54433 6 4 21.03.2024
54439 21 3 21.03.2024
54497 12 3 20.03.2024
54510 2 4 20.03.2024
54515 7 4 18.03.2024
54536 34 3 20.03.2024
54542 38 3 21.03.2024
54592 18 1 20.03.2024
54621 14 3 20.03.2024
54636 16 2 20.03.2024
54638 30 1 20.03.2024
54644 25 3 21.03.2024
54687 12 1 20.03.2024
54732 19 3 20.03.2024
54742 11 3 18.03.2024
54747 16 1 18.03.2024
54766 3 3 21.03.2024
54772 22 3 18.03.2024
54773 21 3 21.03.2024
54784 5 1 20.03.2024
54790 19 3 20.03.2024
54795 33 2 18.03.2024
54808 37 4 18.03.2024
54880 27 3 18.03.2024
54917 16 2 20.03.2024
54927 3 4 20.03.2024
55020 15 3 18.03.2024
55029 35 2 18.03.2024
55036 17 1 20.03.2024
55052 16 3 21.03.2024
55061 14 2 21.03.2024
55129 37 2 21.03.2024
55143 32 2 21.03.2024
55143 38 2 20.03.2024
55150 14 2 21.03.2024
55179 21 1 18.03.2024
55218 37 2 21.03.2024
55220 15 3 18.03.2024
55223 32 2 21.03.2024
55232 10 4 20.03.2024
55279 2 2 21.03.2024
55286 14 2 21.03.2024
55395 15 4 21.03.2024
55401 20 3 18.03.2024
55405 10 4 20.03.2024
55438 20 4 20.03.2024
55475 36 3 21.03.2024
55488 3 2 20.03.2024
55530 7 4 18.03.2024
55592 5 3 18.03.2024
55666 27 1 20.03.2024
55694 10 2 20.03.2024
55723 11 2 21.03.2024
55728 8 3 20.03.2024
55735 35 1 18.03.2024
55784 30 1 20.03.2024
55801 30 3 20.03.2024
55818 25 3 21.03.2024
55853 10 3 18.03.2024
55874 25 2 20.03.2024
55879 32 1 20.03.2024
55970 28 4 21.03.2024
55975 37 1 21.03.2024
55997 7 4 18.03.2024
56005 19 4 21.03.2024
56008 11 3 18.03.2024
56012 28 1 18.03.2024
56052 35 4 21.03.2024
56082 38 3 21.03.2024
56094 23 3 18.03.2024
56177 2 1 18.03.2024
56212 21 3 21.03.2024
56212 32 2 21.03.2024
56236 39 4 20.03.2024
56241 15 3 18.03.2024
56279 31 1 20.03.2024
56299 32 2 21.03.2024
56313 25 2 20.03.2024
56322 35 1 18.03.2024
56337 11 2 21.03.2024
56350 22 4 21.03.2024
56373 6 4 21.03.2024
56422 31 1 20.03.2024
56426 10 4 20.03.2024
56450 5 4 20.03.2024
56459 5 2 18.03.2024
56492 13 1 20.03.2024
56497 27 3 18.03.2024
56510 19 2 18.03.2024
56520 19 1 21.03.2024
56637 2 1 18.03.2024
56638 18 3 20.03.2024
56645 22 1 20.03.2024
56745 2 1 18.03.2024
56750 39 3 18.03.2024
56775 20 1 21.03.2024
56794 27 4 18.03.2024
56829 18 1 20.03.2024
56833 36 4 21.03.2024
56856 19 3 20.03.2024
56865 30 2 18.03.2024
56888 6 3 20.03.2024
56908 22 1 20.03.2024
56945 21 2 20.03.2024
56982 33 4 18.03.2024
57024 16 3 21.03.2024
57028 27 3 18.03.2024
57053 5 4 20.03.2024
57056 33 1 18.03.2024
57092 26 2 20.03.2024
57092 33 3 21.03.2024
57111 35 3 21.03.2024
57114 13 3 20.03.2024
57116 11 3 18.03.2024
57179 15 3 18.03.2024
57237 4 4 21.03.2024
57280 8 1 20.03.2024
57290 19 2 18.03.2024
57291 10 4 20.03.2024
57346 14 3 20.03.2024
57375 7 3 21.03.2024
57415 34 3 20.03.2024
57441 33 4 18.03.2024
57479 3 3 21.03.2024
57481 22 2 18.03.2024
57489 1 1 18.03.2024
57497 30 2 18.03.2024
57566 35 1 18.03.2024
57576 12 2 18.03.2024
57584 33 3 21.03.2024
57602 17 3 20.03.2024
57638 14 3 20.03.2024
57692 32 3 20.03.2024
57725 24 2 18.03.2024
57729 1 1 18.03.2024
57760 6 2 20.03.2024
57804 27 3 18.03.2024
57827 38 2 20.03.2024
57879 25 1 20.03.2024
57932 27 3 18.03.2024
57946 20 2 20.03.2024
57950 26 2 20.03.2024
57951 6 4 21.03.2024
57978 8 1 20.03.2024
58018 20 2 20.03.2024
58060 6 4 21.03.2024
58060 30 1 20.03.2024
58070 26 4 21.03.2024
58107 39 2 18.03.2024
58150 31 3 20.03.2024
58189 35 2 18.03.2024
58202 16 3 21.03.2024
58247 21 1 18.03.2024
58280 4 4 21.03.2024
58305 12 1 20.03.2024
58334 8 4 18.03.2024
58348 31 4 18.03.2024
58409 37 1 21.03.2024
58476 32 1 20.03.2024
58519 33 1 18.03.2024
58532 24 3 21.03.2024
58552 27 4 18.03.2024
58592 37 1 21.03.2024
58609 39 1 21.03.2024
58623 6 1 20.03.2024
58631 34 1 20.03.2024
58632 11 4 21.03.2024
58654 31 2 21.03.2024
58667 32 4 20.03.2024
58676 16 4 21.03.2024
58681 34 3 20.03.2024
58690 2 3 20.03.2024
58693 24 3 21.03.2024
58738 5 1 20.03.2024
58759 17 4 18.03.2024
58812 26 3 20.03.2024
58824 35 2 18.03.2024
58887 7 4 18.03.2024
58895 4 4 21.03.2024
58897 16 1 18.03.2024
58899 14 3 20.03.2024
58906 12 1 20.03.2024
58912 24 3 21.03.2024
58924 23 2 20.03.2024
58950 3 1 18.03.2024
58972 14 3 20.03.2024
58975 22 2 18.03.2024
58976 4 3 20.03.2024
58992 36 4 21.03.2024
58993 22 2 18.03.2024
59030 18 1 20.03.2024
59030 18 3 20.03.2024
59031 1 1 18.03.2024
59085 11 2 21.03.2024
59103 21 2 20.03.2024
59157 27 1 20.03.2024
59164 14 2 21.03.2024
59169 5 2 18.03.2024
59193 15 2 20.03.2024
59224 10 3 18.03.2024
59231 7 4 18.03.2024
59235 18 3 20.03.2024
59248 14 2 21.03.2024
59257 17 4 18.03.2024
59290 18 3 20.03.2024
59346 5 2 18.03.2024
59358 37 4 18.03.2024
59362 11 3 18.03.2024
59381 21 2 20.03.2024
59390 37 1 21.03.2024
59399 32 1 20.03.2024
59402 1 1 18.03.2024
59427 22 4 21.03.2024
59431 18 4 18.03.2024
59454 36 3 21.03.2024
59465 22 2 18.03.2024
59491 32 4 20.03.2024
59499 31 3 20.03.2024
59513 22 2 18.03.2024
59570 7 4 18.03.2024
59616 32 2 21.03.2024
59616 38 2 20.03.2024
59622 33 3 21.03.2024
59630 3 1 18.03.2024
59632 18 1 20.03.2024
59649 30 1 20.03.2024
59663 25 4 18.03.2024
59665 7 3 21.03.2024
59777 34 3 20.03.2024
59796 2 2 21.03.2024
59801 19 2 18.03.2024
59808 28 1 18.03.2024
59880 23 4 20.03.2024
59924 23 3 18.03.2024
59941 15 2 20.03.2024
59963 5 2 18.03.2024
59965 18 3 20.03.2024
59980 28 1 18.03.2024
59995 5 1 20.03.2024
60022 31 2 21.03.2024
60029 23 1 21.03.2024
60139 15 2 20.03.2024
60140 5 3 18.03.2024
60198 6 4 21.03.2024
60222 38 2 20.03.2024
60240 11 1 20.03.2024
60255 22 1 20.03.2024
60292 18 4 18.03.2024
60364 10 4 20.03.2024
60385 24 2 18.03.2024
60392 30 1 20.03.2024
60445 11 1 20.03.2024
60468 14 2 21.03.2024
60477 8 2 21.03.2024
60521 37 3 20.03.2024
60555 32 2 21.03.2024
60602 33 4 18.03.2024
60672 14 2 21.03.2024
60679 3 2 20.03.2024
60727 16 4 21.03.2024
60783 21 2 20.03.2024
60827 14 3 20.03.2024
60853 15 4 21.03.2024
60853 31 3 20.03.2024
60917 8 1 20.03.2024
60968 2 1 18.03.2024
60985 34 3 20.03.2024
60997 26 2 20.03.2024
61011 8 1 20.03.2024
61051 17 1 20.03.2024
61060 17 2 20.03.2024
61066 18 1 20.03.2024
61102 16 2 20.03.2024
61155 4 4 21.03.2024
61158 30 1 20.03.2024
61199 35 2 18.03.2024
61260 30 2 18.03.2024
61290 11 3 18.03.2024
61309 5 4 20.03.2024
61317 31 2 21.03.2024
61336 20 1 21.03.2024
61393 36 2 21.03.2024
61464 3 1 18.03.2024
61497 12 3 20.03.2024
61511 1 4 20.03.2024
61545 37 1 21.03.2024
61571 38 3 21.03.2024
61611 14 3 20.03.2024
61624 39 4 20.03.2024
61650 27 3 18.03.2024
61659 37 2 21.03.2024
61690 25 3 21.03.2024
61722 2 3 20.03.2024
61783 22 3 18.03.2024
61784 26 2 20.03.2024
61789 23 1 21.03.2024
61855 12 1 20.03.2024
61865 6 1 20.03.2024
61876 36 2 21.03.2024
61887 27 3 18.03.2024
61903 27 2 20.03.2024
61904 25 3 21.03.2024
61953 35 2 18.03.2024
61971 32 1 20.03.2024
61981 22 1 20.03.2024
61998 38 3 21.03.2024
62061 27 3 18.03.2024
62104 15 2 20.03.2024
62130 6 4 21.03.2024
62138 27 1 20.03.2024
62168 39 4 20.03.2024
62269 3 2 20.03.2024
62285 14 3 20.03.2024
62332 21 4 21.03.2024
62350 3 2 20.03.2024
62369 31 3 20.03.2024
62386 21 1 18.03.2024
62413 36 2 21.03.2024
62440 10 4 20.03.2024
62462 32 2 21.03.2024
62465 11 2 21.03.2024
62498 1 1 18.03.2024
62509 27 1 20.03.2024
62513 23 2 20.03.2024
62517 3 1 18.03.2024
62537 37 4 18.03.2024
62561 27 2 20.03.2024
62562 16 3 21.03.2024
62564 24 4 21.03.2024
62585 21 3 21.03.2024
62605 4 1 18.03.2024
62616 11 4 21.03.2024
62617 3 2 20.03.2024
62638 14 1 18.03.2024
62761 22 1 20.03.2024
62765 33 2 18.03.2024
62770 25 2 20.03.2024
62775 36 2 21.03.2024
62794 27 4 18.03.2024
62844 5 1 20.03.2024
62849 21 3 21.03.2024
62858 32 4 20.03.2024
62885 39 2 18.03.2024
62907 32 1 20.03.2024
62923 35 4 21.03.2024
62953 10 4 20.03.2024
62973 16 2 20.03.2024
63005 10 2 20.03.2024
63076 10 3 18.03.2024
63104 17 1 20.03.2024
63124 20 2 20.03.2024
63212 28 4 21.03.2024
63327 12 1 20.03.2024
63340 26 3 20.03.2024
63362 27 3 18.03.2024
63385 28 4 21.03.2024
63391 8 4 18.03.2024
63394 37 3 20.03.2024
63401 8 4 18.03.2024
63413 30 4 20.03.2024
63430 12 1 20.03.2024
63462 32 4 20.03.2024
63463 5 3 18.03.2024
63514 3 2 20.03.2024
63519 37 1 21.03.2024
63565 5 3 18.03.2024
63581 32 2 21.03.2024
63594 1 4 20.03.2024
63598 17 4 18.03.2024
63608 3 1 18.03.2024
63654 12 3 20.03.2024
63685 3 3 21.03.2024
63693 30 3 20.03.2024
63698 11 3 18.03.2024
63711 23 1 21.03.2024
63756 21 1 18.03.2024
63794 23 3 18.03.2024
63815 4 4 21.03.2024
63821 25 1 20.03.2024
63828 22 3 18.03.2024
63882 2 1 18.03.2024
63895 10 3 18.03.2024
63939 2 1 18.03.2024
63955 16 4 21.03.2024
63969 27 3 18.03.2024
63971 1 3 18.03.2024
64016 32 1 20.03.2024
64138 22 2 18.03.2024
64138 38 2 20.03.2024
64148 10 4 20.03.2024
64174 11 4 21.03.2024
64195 14 3 20.03.2024
64265 30 3 20.03.2024
64269 39 4 20.03.2024
64323 12 4 20.03.2024
64339 14 1 18.03.2024
64361 38 2 20.03.2024
64378 7 2 18.03.2024
64383 14 2 21.03.2024
64383 20 2 20.03.2024
64401 36 2 21.03.2024
64429 6 3 20.03.2024
64433 14 3 20.03.2024
64451 19 3 20.03.2024
64482 30 3 20.03.2024
64507 15 4 21.03.2024
64510 37 1 21.03.2024
64574 36 4 21.03.2024
64580 18 4 18.03.2024
64641 20 2 20.03.2024
64798 27 3 18.03.2024
64828 34 3 20.03.2024
64866 1 2 18.03.2024
64870 8 4 18.03.2024
64904 21 4 21.03.2024
64943 34 3 20.03.2024
64987 10 4 20.03.2024
64993 28 2 21.03.2024
65106 20 2 20.03.2024
65136 1 4 20.03.2024
65140 13 3 20.03.2024
65150 31 2 21.03.2024
65166 11 3 18.03.2024
65187 35 1 18.03.2024
65202 8 4 18.03.2024
65267 17 2 20.03.2024
65277 8 2 21.03.2024
65282 28 3 18.03.2024
65313 21 2 20.03.2024
65337 38 3 21.03.2024
65338 30 2 18.03.2024
65367 36 3 21.03.2024
65373 37 1 21.03.2024
65434 28 4 21.03.2024
65435 5 4 20.03.2024
65450 5 4 20.03.2024
65450 30 4 20.03.2024
65453 37 3 20.03.2024
65469 1 3 18.03.2024
65477 6 3 20.03.2024
65509 31 4 18.03.2024
65524 19 4 21.03.2024
65531 32 1 20.03.2024
65550 33 3 21.03.2024
65578 35 3 21.03.2024
65590 23 4 20.03.2024
65635 4 1 18.03.2024
65651 23 2 20.03.2024
65668 16 1 18.03.2024
65747 26 3 20.03.2024
65755 24 4 21.03.2024
65779 3 4 20.03.2024
65784 19 3 20.03.2024
65796 16 4 21.03.2024
65808 12 1 20.03.2024
65825 31 3 20.03.2024
65837 3 3 21.03.2024
65855 3 1 18.03.2024
65861 36 4 21.03.2024
65881 8 2 21.03.2024
65881 37 1 21.03.2024
65884 24 1 20.03.2024
65897 2 4 20.03.2024
65899 38 1 18.03.2024
65941 30 2 18.03.2024
65964 16 4 21.03.2024
65966 37 2 21.03.2024
65969 7 1 18.03.2024
66018 4 2 18.03.2024
66056 11 2 21.03.2024
66082 30 2 18.03.2024
66090 11 4 21.03.2024
66102 20 3 18.03.2024
66123 32 4 20.03.2024
66131 21 2 20.03.2024
66147 10 2 20.03.2024
66161 32 4 20.03.2024
66189 16 1 18.03.2024
66235 21 1 18.03.2024
66313 15 3 18.03.2024
66331 35 1 18.03.2024
66341 26 3 20.03.2024
66367 17 3 20.03.2024
66382 1 4 20.03.2024
66425 22 1 20.03.2024
66425 32 2 21.03.2024
66474 7 4 18.03.2024
66474 19 3 20.03.2024
66503 32 1 20.03.2024
66527 8 4 18.03.2024
66551 17 1 20.03.2024
66552 32 2 21.03.2024
66561 26 3 20.03.2024
66574 8 2 21.03.2024
66603 12 4 20.03.2024
66606 28 1 18.03.2024
66617 36 3 21.03.2024
66647 19 4 21.03.2024
66668 31 1 20.03.2024
66671 27 1 20.03.2024
66699 17 3 20.03.2024
66746 13 2 21.03.2024
66761 26 1 20.03.2024
66783 7 1 18.03.2024
66793 22 1 20.03.2024
66800 4 4 21.03.2024
66813 34 4 20.03.2024
66826 39 2 18.03.2024
66869 20 1 21.03.2024
66956 3 4 20.03.2024
66986 26 4 21.03.2024
67076 37 1 21.03.2024
67095 33 2 18.03.2024
67103 8 2 21.03.2024
67116 20 3 18.03.2024
67124 15 2 20.03.2024
67143 21 3 21.03.2024
67162 26 4 21.03.2024
67176 33 2 18.03.2024
67190 24 4 21.03.2024
67197 39 4 20.03.2024
67209 36 2 21.03.2024
67217 35 3 21.03.2024
67358 18 1 20.03.2024
67398 5 2 18.03.2024
67404 6 3 20.03.2024
67423 4 2 18.03.2024
67447 15 2 20.03.2024
67465 13 1 20.03.2024
67474 28 4 21.03.2024
67508 17 4 18.03.2024
67526 32 2 21.03.2024
67559 2 1 18.03.2024
67568 7 2 18.03.2024
67569 30 3 20.03.2024
67573 3 4 20.03.2024
67699 28 3 18.03.2024
67708 20 4 20.03.2024
67728 22 2 18.03.2024
67748 34 2 21.03.2024
67763 17 4 18.03.2024
67807 31 1 20.03.2024
67811 1 4 20.03.2024
67816 20 3 18.03.2024
67893 23 1 21.03.2024
67894 28 1 18.03.2024
67899 4 3 20.03.2024
67902 31 2 21.03.2024
67998 17 4 18.03.2024
68001 8 3 20.03.2024
68001 23 1 21.03.2024
68010 30 4 20.03.2024
68059 19 4 21.03.2024
68237 36 2 21.03.2024
68249 20 2 20.03.2024
68291 3 3 21.03.2024
68296 27 4 18.03.2024
68296 36 1 21.03.2024
68317 3 3 21.03.2024
68353 18 3 20.03.2024
68363 6 1 20.03.2024
68366 32 3 20.03.2024
68383 8 1 20.03.2024
68391 12 1 20.03.2024
68451 37 3 20.03.2024
68457 37 4 18.03.2024
68464 21 1 18.03.2024
68494 8 1 20.03.2024
68503 23 1 21.03.2024
68530 11 3 18.03.2024
68532 1 1 18.03.2024
68596 34 3 20.03.2024
68600 28 3 18.03.2024
68635 5 2 18.03.2024
68683 10 3 18.03.2024
68691 30 1 20.03.2024
68737 34 3 20.03.2024
68741 27 3 18.03.2024
68749 30 2 18.03.2024
68783 26 4 21.03.2024
68833 6 3 20.03.2024
68911 17 4 18.03.2024
68944 11 2 21.03.2024
68960 37 3 20.03.2024
68972 10 2 20.03.2024
68978 26 2 20.03.2024
68991 6 3 20.03.2024
68993 38 2 20.03.2024
69027 10 3 18.03.2024
69050 31 4 18.03.2024
69075 25 1 20.03.2024
69088 1 4 20.03.2024
69092 26 3 20.03.2024
69149 34 2 21.03.2024
69181 8 1 20.03.2024
69203 1 1 18.03.2024
69340 14 4 20.03.2024
69343 5 4 20.03.2024
69348 31 2 21.03.2024
69357 31 4 18.03.2024
69373 32 3 20.03.2024
69389 26 2 20.03.2024
69391 20 1 21.03.2024
69404 13 1 20.03.2024
69406 15 1 21.03.2024
69406 22 1 20.03.2024
69408 10 2 20.03.2024
69410 39 1 21.03.2024
69486 21 3 21.03.2024
69523 21 3 21.03.2024
69524 6 1 20.03.2024
69528 23 2 20.03.2024
69545 27 3 18.03.2024
69547 35 3 21.03.2024
69595 36 3 21.03.2024
69619 1 3 18.03.2024
69743 5 2 18.03.2024
69782 14 2 21.03.2024
69788 14 1 18.03.2024
69794 25 3 21.03.2024
69808 8 3 20.03.2024
69828 22 2 18.03.2024
69840 26 4 21.03.2024
69860 3 4 20.03.2024
69913 35 1 18.03.2024
69928 21 2 20.03.2024
69947 27 3 18.03.2024
69957 38 3 21.03.2024
69979 21 1 18.03.2024
70075 26 4 21.03.2024
70096 3 4 20.03.2024
70108 11 4 21.03.2024
70122 6 4 21.03.2024
70136 27 4 18.03.2024
70182 26 2 20.03.2024
70197 25 3 21.03.2024
70207 7 4 18.03.2024
70218 15 2 20.03.2024
70222 14 1 18.03.2024
70257 31 4 18.03.2024
70309 38 2 20.03.2024
70332 39 2 18.03.2024
70405 1 4 20.03.2024
70430 16 4 21.03.2024
70438 10 4 20.03.2024
70457 7 4 18.03.2024
70482 14 2 21.03.2024
70530 33 3 21.03.2024
70535 35 1 18.03.2024
70563 8 4 18.03.2024
70600 35 2 18.03.2024
70630 2 2 21.03.2024
70660 8 3 20.03.2024
70701 30 1 20.03.2024
70724 4 2 18.03.2024
70744 10 2 20.03.2024
70791 13 1 20.03.2024
70814 35 2 18.03.2024
70851 31 2 21.03.2024
70865 21 3 21.03.2024
70915 35 4 21.03.2024
70922 38 4 18.03.2024
70931 23 4 20.03.2024
70980 18 3 20.03.2024
71006 14 2 21.03.2024
71076 10 3 18.03.2024
71126 5 4 20.03.2024
71148 35 1 18.03.2024
71167 14 3 20.03.2024
71199 22 4 21.03.2024
71206 18 4 18.03.2024
71216 1 4 20.03.2024
71231 3 4 20.03.2024
71269 8 4 18.03.2024
71299 22 1 20.03.2024
71399 8 3 20.03.2024
71408 22 3 18.03.2024
71451 26 3 20.03.2024
71455 8 3 20.03.2024
71455 10 3 18.03.2024
71460 39 3 18.03.2024
71504 13 4 21.03.2024
71524 12 1 20.03.2024
71554 11 2 21.03.2024
71554 12 2 18.03.2024
71573 27 3 18.03.2024
71587 32 2 21.03.2024
71623 1 1 18.03.2024
71699 36 4 21.03.2024
71704 39 2 18.03.2024
71707 22 3 18.03.2024
71734 26 4 21.03.2024
71737 38 1 18.03.2024
71774 13 3 20.03.2024
71814 6 4 21.03.2024
71824 35 4 21.03.2024
71906 3 1 18.03.2024
71909 22 2 18.03.2024
72022 30 1 20.03.2024
72047 6 3 20.03.2024
72063 4 2 18.03.2024
72082 13 2 21.03.2024
72101 23 1 21.03.2024
72120 23 2 20.03.2024
72129 19 2 18.03.2024
72205 32 3 20.03.2024
72206 13 3 20.03.2024
72210 32 1 20.03.2024
72216 11 1 20.03.2024
72218 13 1 20.03.2024
72239 7 1 18.03.2024
72242 3 4 20.03.2024
72253 6 2 20.03.2024
72262 16 4 21.03.2024
72267 14 4 20.03.2024
72270 26 4 21.03.2024
72275 14 3 20.03.2024
72325 20 4 20.03.2024
72366 8 2 21.03.2024
72367 17 1 20.03.2024
72386 31 2 21.03.2024
72416 11 3 18.03.2024
72540 36 2 21.03.2024
72550 5 3 18.03.2024
72588 14 4 20.03.2024
72600 5 4 20.03.2024
72617 37 4 18.03.2024
72707 21 4 21.03.2024
72719 15 4 21.03.2024
72806 28 1 18.03.2024
72820 27 1 20.03.2024
72912 21 4 21.03.2024
72941 27 2 20.03.2024
72965 14 1 18.03.2024
73037 8 1 20.03.2024
73062 8 1 20.03.2024
73093 15 1 21.03.2024
73141 38 3 21.03.2024
73144 33 2 18.03.2024
73222 22 3 18.03.2024
73234 34 4 20.03.2024
73248 13 2 21.03.2024
73264 17 1 20.03.2024
73269 8 3 20.03.2024
73273 1 4 20.03.2024
73283 19 2 18.03.2024
73315 3 3 21.03.2024
73358 7 4 18.03.2024
73385 2 4 20.03.2024
73417 2 4 20.03.2024
73418 21 1 18.03.2024
73473 3 3 21.03.2024
73507 4 4 21.03.2024
73511 3 3 21.03.2024
73532 12 3 20.03.2024
73539 37 2 21.03.2024
73553 36 2 21.03.2024
73556 16 4 21.03.2024
73572 10 1 18.03.2024
73588 32 4 20.03.2024
73645 10 3 18.03.2024
73656 7 1 18.03.2024
73692 15 2 20.03.2024
73706 16 2 20.03.2024
73746 38 4 18.03.2024
73751 20 1 21.03.2024
73785 17 1 20.03.2024
73815 21 1 18.03.2024
73822 25 1 20.03.2024
73826 16 4 21.03.2024
73878 34 3 20.03.2024
73892 19 3 20.03.2024
73910 5 4 20.03.2024
73945 37 1 21.03.2024
73966 16 4 21.03.2024
73970 32 2 21.03.2024
73980 32 4 20.03.2024
73985 7 1 18.03.2024
74029 2 2 21.03.2024
74048 37 1 21.03.2024
74089 37 4 18.03.2024
74120 19 1 21.03.2024
74128 8 3 20.03.2024
74136 31 2 21.03.2024
74148 20 2 20.03.2024
74170 35 3 21.03.2024
74191 17 3 20.03.2024
74235 18 4 18.03.2024
74261 18 3 20.03.2024
74269 5 4 20.03.2024
74298 3 4 20.03.2024
74373 15 3 18.03.2024
74376 17 3 20.03.2024
74390 16 4 21.03.2024
74423 31 4 18.03.2024
74433 30 1 20.03.2024
74440 25 2 20.03.2024
74474 23 2 20.03.2024
74501 20 2 20.03.2024
74520 20 2 20.03.2024
74550 34 2 21.03.2024
74551 4 1 18.03.2024
74552 37 4 18.03.2024
74585 2 4 20.03.2024
74600 21 1 18.03.2024
74650 20 2 20.03.2024
74655 28 3 18.03.2024
74697 20 2 20.03.2024
74742 24 4 21.03.2024
74777 3 1 18.03.2024
74810 26 4 21.03.2024
74825 7 1 18.03.2024
74825 16 3 21.03.2024
74882 26 4 21.03.2024
74887 39 3 18.03.2024
74901 28 3 18.03.2024
74963 4 1 18.03.2024
74971 16 4 21.03.2024
74997 25 3 21.03.2024
75040 8 4 18.03.2024
75049 10 2 20.03.2024
75114 19 3 20.03.2024
75145 10 4 20.03.2024
75156 6 1 20.03.2024
75206 34 2 21.03.2024
75222 28 3 18.03.2024
75293 8 3 20.03.2024
75301 37 3 20.03.2024
75339 39 3 18.03.2024
75395 6 3 20.03.2024
75466 5 2 18.03.2024
75480 28 2 21.03.2024
75556 18 1 20.03.2024
75575 11 2 21.03.2024
75578 12 3 20.03.2024
75613 20 1 21.03.2024
75648 19 3 20.03.2024
75691 5 4 20.03.2024
75718 6 1 20.03.2024
75741 10 3 18.03.2024
75746 23 4 20.03.2024
75761 11 4 21.03.2024
75773 37 1 21.03.2024
75830 10 4 20.03.2024
75831 33 3 21.03.2024
75838 35 3 21.03.2024
75859 19 3 20.03.2024
75865 23 2 20.03.2024
75876 26 3 20.03.2024
75911 11 4 21.03.2024
75927 4 4 21.03.2024
75940 20 3 18.03.2024
75967 2 2 21.03.2024
75972 35 1 18.03.2024
75979 26 2 20.03.2024
75980 3 1 18.03.2024
75983 24 1 20.03.2024
76012 15 2 20.03.2024
76018 35 1 18.03.2024
76024 15 1 21.03.2024
76063 15 1 21.03.2024
76068 18 4 18.03.2024
76075 27 3 18.03.2024
76143 28 1 18.03.2024
76182 11 4 21.03.2024
76207 18 2 18.03.2024
76212 26 4 21.03.2024
76232 27 2 20.03.2024
76244 19 3 20.03.2024
76273 22 2 18.03.2024
76280 34 2 21.03.2024
76313 26 1 20.03.2024
76333 6 4 21.03.2024
76352 28 3 18.03.2024
76364 17 4 18.03.2024
76396 35 2 18.03.2024
76411 15 3 18.03.2024
76430 2 4 20.03.2024
76435 17 4 18.03.2024
76450 11 4 21.03.2024
76480 14 3 20.03.2024
76501 20 2 20.03.2024
76506 6 3 20.03.2024
76533 32 4 20.03.2024
76537 22 2 18.03.2024
76566 34 1 20.03.2024
76584 1 1 18.03.2024
76624 26 3 20.03.2024
76669 22 2 18.03.2024
76721 6 2 20.03.2024
76723 23 1 21.03.2024
76773 26 4 21.03.2024
76780 27 1 20.03.2024
76785 13 3 20.03.2024
76814 14 3 20.03.2024
76856 12 3 20.03.2024
76873 13 4 21.03.2024
76904 16 2 20.03.2024
76936 21 1 18.03.2024
76939 24 3 21.03.2024
76940 7 4 18.03.2024
77042 32 4 20.03.2024
77048 13 4 21.03.2024
77104 21 1 18.03.2024
77114 35 3 21.03.2024
77138 28 3 18.03.2024
77175 17 4 18.03.2024
77234 21 3 21.03.2024
77235 16 1 18.03.2024
77281 27 1 20.03.2024
77297 2 1 18.03.2024
77335 26 2 20.03.2024
77367 5 4 20.03.2024
77411 1 1 18.03.2024
77452 20 2 20.03.2024
77468 5 2 18.03.2024
77474 2 1 18.03.2024
77507 38 2 20.03.2024
77543 22 3 18.03.2024
77562 32 2 21.03.2024
77570 21 2 20.03.2024
77578 22 3 18.03.2024
77589 19 1 21.03.2024
77606 14 3 20.03.2024
77606 20 2 20.03.2024
77663 20 2 20.03.2024
77674 38 3 21.03.2024
77723 6 2 20.03.2024
77755 18 1 20.03.2024
77764 27 3 18.03.2024
77815 1 1 18.03.2024
77888 11 4 21.03.2024
77896 5 1 20.03.2024
77900 6 3 20.03.2024
77918 21 3 21.03.2024
77945 31 2 21.03.2024
77972 35 3 21.03.2024
78044 21 1 18.03.2024
78066 27 4 18.03.2024
78078 38 1 18.03.2024
78102 16 3 21.03.2024
78111 31 2 21.03.2024
78112 32 1 20.03.2024
78129 30 3 20.03.2024
78134 13 1 20.03.2024
78155 18 3 20.03.2024
78176 4 2 18.03.2024
78180 12 3 20.03.2024
78240 18 4 18.03.2024
78298 22 3 18.03.2024
78316 22 2 18.03.2024
78351 18 1 20.03.2024
78357 5 4 20.03.2024
78369 5 2 18.03.2024
78375 13 2 21.03.2024
78376 25 1 20.03.2024
78426 36 4 21.03.2024
78436 13 4 21.03.2024
78468 22 2 18.03.2024
78511 35 3 21.03.2024
78525 28 2 21.03.2024
78540 15 2 20.03.2024
78588 2 1 18.03.2024
78612 5 2 18.03.2024
78627 36 2 21.03.2024
78629 10 2 20.03.2024
78642 18 1 20.03.2024
78720 3 2 20.03.2024
78777 39 3 18.03.2024
78785 35 1 18.03.2024
78798 15 2 20.03.2024
78804 32 4 20.03.2024
78813 25 1 20.03.2024
78846 23 1 21.03.2024
78867 33 2 18.03.2024
78873 36 4 21.03.2024
78876 31 2 21.03.2024
78878 36 2 21.03.2024
78886 3 4 20.03.2024
78961 3 4 20.03.2024
78968 17 1 20.03.2024
79014 35 2 18.03.2024
79021 27 4 18.03.2024
79094 28 3 18.03.2024
79102 6 1 20.03.2024
79129 21 4 21.03.2024
79146 11 2 21.03.2024
79167 13 2 21.03.2024
79222 25 4 18.03.2024
79243 5 3 18.03.2024
79248 14 1 18.03.2024
79251 28 3 18.03.2024
79251 34 4 20.03.2024
79257 3 1 18.03.2024
79291 33 4 18.03.2024
79293 2 3 20.03.2024
79331 23 1 21.03.2024
79344 2 4 20.03.2024
79350 14 1 18.03.2024
79351 4 1 18.03.2024
79383 16 4 21.03.2024
79390 15 3 18.03.2024
79402 32 1 20.03.2024
79439 27 4 18.03.2024
79448 16 4 21.03.2024
79461 2 1 18.03.2024
79463 18 2 18.03.2024
79473 6 2 20.03.2024
79479 6 4 21.03.2024
79547 23 1 21.03.2024
79558 25 1 20.03.2024
79581 22 3 18.03.2024
79595 15 2 20.03.2024
79617 34 1 20.03.2024
79625 18 3 20.03.2024
79664 37 3 20.03.2024
79671 20 2 20.03.2024
79706 30 3 20.03.2024
79713 36 4 21.03.2024
79761 8 1 20.03.2024
79776 21 1 18.03.2024
79787 3 4 20.03.2024
79787 11 2 21.03.2024
79821 33 1 18.03.2024
79849 10 3 18.03.2024
79861 7 3 21.03.2024
79889 21 4 21.03.2024
79962 16 3 21.03.2024
79982 12 3 20.03.2024
79986 28 1 18.03.2024
80001 4 1 18.03.2024
80023 17 1 20.03.2024
80061 19 3 20.03.2024
80080 31 2 21.03.2024
80097 1 2 18.03.2024
80109 35 1 18.03.2024
80142 22 4 21.03.2024
80168 34 3 20.03.2024
80184 35 1 18.03.2024
80186 26 2 20.03.2024
80213 18 1 20.03.2024
80241 10 4 20.03.2024
80244 31 2 21.03.2024
80266 39 4 20.03.2024
80279 33 3 21.03.2024
80281 39 3 18.03.2024
80304 21 2 20.03.2024
80305 18 2 18.03.2024
80317 11 4 21.03.2024
80321 39 2 18.03.2024
80393 8 2 21.03.2024
80425 35 3 21.03.2024
80428 21 1 18.03.2024
80439 30 3 20.03.2024
80450 35 1 18.03.2024
80460 30 2 18.03.2024
80471 17 3 20.03.2024
80498 27 4 18.03.2024
80562 2 1 18.03.2024
80608 34 2 21.03.2024
80621 15 2 20.03.2024
80621 27 4 18.03.2024
80665 26 2 20.03.2024
80670 33 3 21.03.2024
80674 3 1 18.03.2024
80711 32 3 20.03.2024
80757 36 4 21.03.2024
80759 21 4 21.03.2024
80775 19 1 21.03.2024
80801 13 2 21.03.2024
80832 33 3 21.03.2024
80862 23 2 20.03.2024
80887 25 3 21.03.2024
80919 10 4 20.03.2024
80923 37 3 20.03.2024
80975 5 4 20.03.2024
80995 14 2 21.03.2024
81022 5 1 20.03.2024
81101 23 1 21.03.2024
81106 37 3 20.03.2024
81115 5 3 18.03.2024
81116 2 1 18.03.2024
81146 28 1 18.03.2024
81191 35 2 18.03.2024
81194 15 2 20.03.2024
81200 8 2 21.03.2024
81267 30 1 20.03.2024
81289 15 3 18.03.2024
81292 33 1 18.03.2024
81318 1 3 18.03.2024
81339 23 1 21.03.2024
81434 36 2 21.03.2024
81441 6 1 20.03.2024
81444 3 3 21.03.2024
81451 36 3 21.03.2024
81477 22 1 20.03.2024
81505 4 2 18.03.2024
81572 4 2 18.03.2024
81584 13 3 20.03.2024
81596 34 1 20.03.2024
81600 7 4 18.03.2024
81602 19 2 18.03.2024
81645 26 4 21.03.2024
81677 23 2 20.03.2024
81697 26 4 21.03.2024
81706 24 1 20.03.2024
81710 23 1 21.03.2024
81714 12 4 20.03.2024
81742 16 2 20.03.2024
81742 26 2 20.03.2024
81758 6 4 21.03.2024
81812 21 3 21.03.2024
81830 27 2 20.03.2024
81851 15 3 18.03.2024
81859 6 4 21.03.2024
81873 35 1 18.03.2024
81944 6 3 20.03.2024
81946 31 1 20.03.2024
81958 39 3 18.03.2024
82007 30 4 20.03.2024
82068 25 4 18.03.2024
82070 38 3 21.03.2024
82125 22 3 18.03.2024
82170 32 1 20.03.2024
82220 6 3 20.03.2024
82236 30 1 20.03.2024
82302 20 1 21.03.2024
82313 27 2 20.03.2024
82329 33 2 18.03.2024
82341 24 2 18.03.2024
82348 22 1 20.03.2024
82353 7 1 18.03.2024
82368 8 2 21.03.2024
82372 8 3 20.03.2024
82373 4 2 18.03.2024
82381 35 1 18.03.2024
82394 28 1 18.03.2024
82428 24 1 20.03.2024
82465 15 4 21.03.2024
82489 5 1 20.03.2024
82504 10 3 18.03.2024
82523 36 1 21.03.2024
82543 22 4 21.03.2024
82564 11 4 21.03.2024
82571 3 1 18.03.2024
82581 6 1 20.03.2024
82582 30 1 20.03.2024
82599 15 3 18.03.2024
82613 32 2 21.03.2024
82652 1 3 18.03.2024
82683 23 4 20.03.2024
82718 34 3 20.03.2024
82762 11 1 20.03.2024
82772 8 1 20.03.2024
82788 3 2 20.03.2024
82796 38 2 20.03.2024
82826 5 2 18.03.2024
82835 1 1 18.03.2024
82838 2 2 21.03.2024
82842 36 4 21.03.2024
82863 10 3 18.03.2024
82869 17 3 20.03.2024
82926 23 1 21.03.2024
83020 5 3 18.03.2024
83110 25 1 20.03.2024
83112 33 4 18.03.2024
83169 36 3 21.03.2024
83341 26 2 20.03.2024
83366 21 4 21.03.2024
83366 24 1 20.03.2024
83411 13 2 21.03.2024
83445 1 1 18.03.2024
83486 13 1 20.03.2024
83508 22 3 18.03.2024
83512 17 1 20.03.2024
83604 10 1 18.03.2024
83620 17 3 20.03.2024
83624 15 2 20.03.2024
83735 27 2 20.03.2024
83742 10 3 18.03.2024
83755 4 2 18.03.2024
83805 10 4 20.03.2024
83868 35 1 18.03.2024
83869 19 3 20.03.2024
83880 22 3 18.03.2024
83884 11 3 18.03.2024
83891 27 4 18.03.2024
83925 34 1 20.03.2024
83947 27 4 18.03.2024
83948 31 2 21.03.2024
83976 6 3 20.03.2024
83994 28 1 18.03.2024
84004 31 1 20.03.2024
84005 21 1 18.03.2024
84009 23 2 20.03.2024
84011 2 4 20.03.2024
84047 18 4 18.03.2024
84082 34 2 21.03.2024
84106 23 1 21.03.2024
84108 33 4 18.03.2024
84115 1 1 18.03.2024
84123 19 4 21.03.2024
84129 13 4 21.03.2024
84132 36 4 21.03.2024
84202 31 1 20.03.2024
84228 12 3 20.03.2024
84229 8 4 18.03.2024
84264 33 2 18.03.2024
84283 34 2 21.03.2024
84304 5 3 18.03.2024
84314 32 3 20.03.2024
84328 27 3 18.03.2024
84352 34 3 20.03.2024
84355 15 4 21.03.2024
84427 10 3 18.03.2024
84433 2 4 20.03.2024
84442 30 1 20.03.2024
84446 1 4 20.03.2024
84447 32 1 20.03.2024
84458 22 2 18.03.2024
84460 34 4 20.03.2024
84492 3 1 18.03.2024
84505 36 4 21.03.2024
84506 15 4 21.03.2024
84530 1 3 18.03.2024
84531 14 2 21.03.2024
84545 39 4 20.03.2024
84548 16 4 21.03.2024
84553 25 3 21.03.2024
84578 35 3 21.03.2024
84589 14 3 20.03.2024
84629 38 1 18.03.2024
84679 25 2 20.03.2024
84747 30 4 20.03.2024
84751 35 2 18.03.2024
84768 11 2 21.03.2024
84783 6 1 20.03.2024
84797 10 3 18.03.2024
84803 37 1 21.03.2024
84829 13 2 21.03.2024
84852 27 1 20.03.2024
84867 3 1 18.03.2024
84886 6 3 20.03.2024
84905 19 1 21.03.2024
84906 33 2 18.03.2024
84935 22 2 18.03.2024
84938 11 4 21.03.2024
84951 3 2 20.03.2024
84974 16 3 21.03.2024
85010 32 3 20.03.2024
85054 38 1 18.03.2024
85102 37 4 18.03.2024
85108 33 3 21.03.2024
85118 20 2 20.03.2024
85162 4 3 20.03.2024
85177 30 3 20.03.2024
85187 13 4 21.03.2024
85217 10 1 18.03.2024
85233 32 2 21.03.2024
85240 11 2 21.03.2024
85302 3 4 20.03.2024
85313 3 1 18.03.2024
85319 39 4 20.03.2024
85343 7 4 18.03.2024
85373 1 4 20.03.2024
85399 13 4 21.03.2024
85405 39 3 18.03.2024
85432 5 3 18.03.2024
85514 3 2 20.03.2024
85553 27 4 18.03.2024
85587 23 2 20.03.2024
85667 27 4 18.03.2024
85672 39 2 18.03.2024
85681 31 3 20.03.2024
85683 16 1 18.03.2024
85701 22 4 21.03.2024
85702 38 2 20.03.2024
85724 22 2 18.03.2024
85746 3 4 20.03.2024
85775 18 4 18.03.2024
85816 27 2 20.03.2024
85833 6 2 20.03.2024
85844 34 2 21.03.2024
85851 7 3 21.03.2024
85862 4 3 20.03.2024
85959 12 4 20.03.2024
86000 6 4 21.03.2024
86034 11 3 18.03.2024
86045 34 4 20.03.2024
86052 31 3 20.03.2024
86080 30 3 20.03.2024
86104 31 1 20.03.2024
86140 5 4 20.03.2024
86151 34 4 20.03.2024
86161 20 3 18.03.2024
86167 28 3 18.03.2024
86185 6 1 20.03.2024
86229 7 4 18.03.2024
86306 2 3 20.03.2024
86318 37 3 20.03.2024
86331 32 1 20.03.2024
86332 21 4 21.03.2024
86339 28 3 18.03.2024
86355 14 3 20.03.2024
86356 7 3 21.03.2024
86367 34 3 20.03.2024
86369 39 2 18.03.2024
86395 18 4 18.03.2024
86401 27 2 20.03.2024
86415 17 2 20.03.2024
86428 32 1 20.03.2024
86450 28 3 18.03.2024
86451 4 2 18.03.2024
86459 32 3 20.03.2024
86498 6 1 20.03.2024
86555 36 2 21.03.2024
86567 10 3 18.03.2024
86571 6 4 21.03.2024
86610 15 1 21.03.2024
86618 2 4 20.03.2024
86622 24 2 18.03.2024
86661 37 3 20.03.2024
86680 16 4 21.03.2024
86723 33 2 18.03.2024
86729 37 1 21.03.2024
86736 13 4 21.03.2024
86768 11 4 21.03.2024
86776 11 4 21.03.2024
86834 22 3 18.03.2024
86848 5 4 20.03.2024
86853 17 4 18.03.2024
86895 4 4 21.03.2024
86923 26 2 20.03.2024
86929 20 4 20.03.2024
86939 18 4 18.03.2024
87016 25 1 20.03.2024
87033 27 4 18.03.2024
87043 13 4 21.03.2024
87074 22 2 18.03.2024
87090 27 4 18.03.2024
87094 35 2 18.03.2024
87117 28 3 18.03.2024
87136 26 1 20.03.2024
87155 26 3 20.03.2024
87182 19 4 21.03.2024
87188 19 4 21.03.2024
87192 30 1 20.03.2024
87198 25 1 20.03.2024
87215 39 2 18.03.2024
87248 15 2 20.03.2024
87319 36 4 21.03.2024
87351 34 4 20.03.2024
87352 14 1 18.03.2024
87398 37 4 18.03.2024
87422 1 3 18.03.2024
87423 4 2 18.03.2024
87428 5 1 20.03.2024
87455 25 1 20.03.2024
87486 36 4 21.03.2024
87488 1 3 18.03.2024
87534 27 2 20.03.2024
87554 1 3 18.03.2024
87562 35 3 21.03.2024
87578 35 1 18.03.2024
87590 28 4 21.03.2024
87686 11 1 20.03.2024
87739 15 3 18.03.2024
87761 18 3 20.03.2024
87826 14 1 18.03.2024
87852 33 2 18.03.2024
87876 25 1 20.03.2024
87895 3 1 18.03.2024
87907 13 4 21.03.2024
87918 4 2 18.03.2024
87943 13 1 20.03.2024
87972 30 3 20.03.2024
87982 13 2 21.03.2024
87987 16 1 18.03.2024
88000 20 2 20.03.2024
88009 23 4 20.03.2024
88070 15 4 21.03.2024
88105 36 2 21.03.2024
88107 31 2 21.03.2024
88197 25 4 18.03.2024
88204 2 2 21.03.2024
88211 25 3 21.03.2024
88211 27 2 20.03.2024
88213 11 2 21.03.2024
88221 34 4 20.03.2024
88256 25 1 20.03.2024
88283 27 4 18.03.2024
88284 27 3 18.03.2024
88288 25 4 18.03.2024
88292 7 2 18.03.2024
88294 16 4 21.03.2024
88342 1 1 18.03.2024
88355 39 2 18.03.2024
88370 11 4 21.03.2024
88380 2 2 21.03.2024
88428 28 2 21.03.2024
88437 11 1 20.03.2024
88438 6 4 21.03.2024
88494 39 3 18.03.2024
88519 22 4 21.03.2024
88576 5 4 20.03.2024
88591 6 2 20.03.2024
88634 37 1 21.03.2024
88660 6 2 20.03.2024
88677 13 3 20.03.2024
88687 32 2 21.03.2024
88693 3 4 20.03.2024
88701 14 1 18.03.2024
88730 1 4 20.03.2024
88739 16 3 21.03.2024
88755 27 1 20.03.2024
88761 17 1 20.03.2024
88799 20 1 21.03.2024
88801 3 2 20.03.2024
88826 27 4 18.03.2024
88852 25 1 20.03.2024
88872 21 3 21.03.2024
88890 13 3 20.03.2024
88917 31 2 21.03.2024
88925 31 4 18.03.2024
88967 34 1 20.03.2024
88978 31 3 20.03.2024
89017 37 4 18.03.2024
89049 8 3 20.03.2024
89053 10 3 18.03.2024
89056 30 2 18.03.2024
89075 16 4 21.03.2024
89089 6 1 20.03.2024
89119 32 2 21.03.2024
89154 33 4 18.03.2024
89183 39 1 21.03.2024
89185 34 2 21.03.2024
89195 19 4 21.03.2024
89223 25 4 18.03.2024
89259 19 4 21.03.2024
89310 34 3 20.03.2024
89327 39 1 21.03.2024
89335 28 3 18.03.2024
89348 7 1 18.03.2024
89353 33 1 18.03.2024
89385 15 3 18.03.2024
89443 21 3 21.03.2024
89445 2 4 20.03.2024
89453 28 3 18.03.2024
89467 27 1 20.03.2024
89536 30 3 20.03.2024
89560 10 2 20.03.2024
89608 6 4 21.03.2024
89630 6 3 20.03.2024
89690 2 4 20.03.2024
89756 12 1 20.03.2024
89807 35 4 21.03.2024
89816 36 1 21.03.2024
89842 18 1 20.03.2024
89843 32 3 20.03.2024
89898 14 3 20.03.2024
89907 25 4 18.03.2024
89914 3 2 20.03.2024
89956 23 4 20.03.2024
89972 3 3 21.03.2024
89980 14 1 18.03.2024
90005 16 1 18.03.2024
90049 23 1 21.03.2024
90049 35 2 18.03.2024
90051 7 1 18.03.2024
90052 22 4 21.03.2024
90055 32 1 20.03.2024
90066 18 3 20.03.2024
90081 22 2 18.03.2024
90115 32 4 20.03.2024
90130 7 4 18.03.2024
90131 6 3 20.03.2024
90193 23 2 20.03.2024
90202 16 1 18.03.2024
90236 20 1 21.03.2024
90272 15 3 18.03.2024
90295 1 2 18.03.2024
90403 12 2 18.03.2024
90405 25 1 20.03.2024
90414 32 4 20.03.2024
90481 25 2 20.03.2024
90501 37 3 20.03.2024
90515 1 4 20.03.2024
90520 21 1 18.03.2024
90525 4 2 18.03.2024
90614 30 4 20.03.2024
90621 15 3 18.03.2024
90635 1 3 18.03.2024
90689 36 3 21.03.2024
90703 25 2 20.03.2024
90712 24 4 21.03.2024
90778 14 1 18.03.2024
90810 37 1 21.03.2024
90851 27 3 18.03.2024
90949 8 4 18.03.2024
90952 3 2 20.03.2024
90966 33 4 18.03.2024
90978 27 3 18.03.2024
90987 38 2 20.03.2024
91107 24 4 21.03.2024
91157 34 2 21.03.2024
91185 10 4 20.03.2024
91273 34 1 20.03.2024
91293 31 3 20.03.2024
91304 32 2 21.03.2024
91308 12 4 20.03.2024
91319 4 3 20.03.2024
91334 26 4 21.03.2024
91346 30 3 20.03.2024
91347 23 2 20.03.2024
91401 36 1 21.03.2024
91402 34 3 20.03.2024
91435 4 4 21.03.2024
91447 12 2 18.03.2024
91493 26 1 20.03.2024
91535 37 3 20.03.2024
91543 24 2 18.03.2024
91549 16 3 21.03.2024
91564 21 3 21.03.2024
91593 17 3 20.03.2024
91598 19 3 20.03.2024
91632 36 4 21.03.2024
91740 23 2 20.03.2024
91741 15 2 20.03.2024
91763 37 1 21.03.2024
91765 1 4 20.03.2024
91805 14 2 21.03.2024
91836 5 2 18.03.2024
91845 11 2 21.03.2024
91905 32 1 20.03.2024
91917 23 2 20.03.2024
91962 35 2 18.03.2024
91990 3 4 20.03.2024
92035 5 3 18.03.2024
92057 4 2 18.03.2024
92110 15 3 18.03.2024
92207 22 3 18.03.2024
92278 22 4 21.03.2024
92349 20 3 18.03.2024
92414 7 3 21.03.2024
92421 18 3 20.03.2024
92426 33 1 18.03.2024
92480 35 2 18.03.2024
92503 21 1 18.03.2024
92522 14 1 18.03.2024
92523 34 3 20.03.2024
92536 6 3 20.03.2024
92536 21 1 18.03.2024
92537 18 1 20.03.2024
92556 17 3 20.03.2024
92569 35 2 18.03.2024
92576 17 1 20.03.2024
92595 33 2 18.03.2024
92611 22 3 18.03.2024
92626 8 4 18.03.2024
92685 38 1 18.03.2024
92717 20 2 20.03.2024
92747 4 4 21.03.2024
92751 18 3 20.03.2024
92775 22 2 18.03.2024
92781 11 4 21.03.2024
92801 23 3 18.03.2024
92867 1 1 18.03.2024
92869 10 2 20.03.2024
92884 37 3 20.03.2024
92890 5 3 18.03.2024
92937 22 1 20.03.2024
93001 21 1 18.03.2024
93005 11 2 21.03.2024
93030 17 1 20.03.2024
93097 2 2 21.03.2024
93111 11 2 21.03.2024
93124 21 2 20.03.2024
93197 11 4 21.03.2024
93205 4 3 20.03.2024
93206 37 3 20.03.2024
93207 5 3 18.03.2024
93230 8 4 18.03.2024
93233 37 4 18.03.2024
93240 25 2 20.03.2024
93247 18 1 20.03.2024
93266 12 4 20.03.2024
93277 10 3 18.03.2024
93338 5 4 20.03.2024
93379 36 2 21.03.2024
93387 15 3 18.03.2024
93391 26 4 21.03.2024
93425 6 1 20.03.2024
93429 2 4 20.03.2024
93442 27 3 18.03.2024
93473 14 2 21.03.2024
93490 11 4 21.03.2024
93502 37 3 20.03.2024
93535 6 4 21.03.2024
93535 19 1 21.03.2024
93605 16 4 21.03.2024
93616 28 3 18.03.2024
93623 35 2 18.03.2024
93698 27 2 20.03.2024
93699 30 3 20.03.2024
93721 6 1 20.03.2024
93738 37 4 18.03.2024
93778 21 3 21.03.2024
93827 3 4 20.03.2024
93827 4 2 18.03.2024
93852 14 1 18.03.2024
93935 20 2 20.03.2024
93973 37 2 21.03.2024
93984 10 4 20.03.2024
93998 19 3 20.03.2024
94003 33 2 18.03.2024
94009 30 1 20.03.2024
94018 31 1 20.03.2024
94099 5 1 20.03.2024
94108 30 4 20.03.2024
94176 34 3 20.03.2024
94212 13 3 20.03.2024
94239 11 2 21.03.2024
94243 22 4 21.03.2024
94257 4 3 20.03.2024
94277 32 1 20.03.2024
94285 31 3 20.03.2024
94294 37 4 18.03.2024
94312 37 1 21.03.2024
94317 32 2 21.03.2024
94338 6 2 20.03.2024
94348 19 1 21.03.2024
94364 36 1 21.03.2024
94372 14 1 18.03.2024
94400 1 3 18.03.2024
94404 26 2 20.03.2024
94413 10 1 18.03.2024
94418 5 1 20.03.2024
94419 32 3 20.03.2024
94455 20 2 20.03.2024
94477 35 1 18.03.2024
94498 1 3 18.03.2024
94584 13 1 20.03.2024
94610 19 1 21.03.2024
94617 22 1 20.03.2024
94623 20 2 20.03.2024
94657 8 4 18.03.2024
94682 4 2 18.03.2024
94717 4 4 21.03.2024
94719 17 1 20.03.2024
94731 27 2 20.03.2024
94788 3 3 21.03.2024
94816 17 3 20.03.2024
94849 20 2 20.03.2024
94873 2 4 20.03.2024
94873 31 4 18.03.2024
94884 1 4 20.03.2024
94900 15 3 18.03.2024
94928 18 4 18.03.2024
94935 11 4 21.03.2024
94943 37 4 18.03.2024
94972 19 2 18.03.2024
94972 21 3 21.03.2024
95003 2 1 18.03.2024
95046 26 2 20.03.2024
95066 30 1 20.03.2024
95067 10 2 20.03.2024
95067 26 3 20.03.2024
95073 13 2 21.03.2024
95078 21 1 18.03.2024
95093 33 2 18.03.2024
95156 14 2 21.03.2024
95156 16 3 21.03.2024
95213 17 2 20.03.2024
95227 18 4 18.03.2024
95268 38 2 20.03.2024
95337 33 2 18.03.2024
95340 23 2 20.03.2024
95359 20 2 20.03.2024
95360 19 3 20.03.2024
95375 21 2 20.03.2024
95380 33 3 21.03.2024
95381 16 3 21.03.2024
95466 10 2 20.03.2024
95466 30 2 18.03.2024
95480 14 2 21.03.2024
95528 12 1 20.03.2024
95538 4 2 18.03.2024
95551 11 2 21.03.2024
95589 34 3 20.03.2024
95643 21 4 21.03.2024
95679 21 3 21.03.2024
95719 27 4 18.03.2024
95796 3 2 20.03.2024
95796 34 3 20.03.2024
95857 15 3 18.03.2024
95873 11 4 21.03.2024
95881 4 4 21.03.2024
95902 5 4 20.03.2024
95960 6 4 21.03.2024
96033 21 4 21.03.2024
96165 4 4 21.03.2024
96226 34 3 20.03.2024
96237 34 3 20.03.2024
96259 28 1 18.03.2024
96269 7 2 18.03.2024
96274 34 2 21.03.2024
96278 15 2 20.03.2024
96297 27 4 18.03.2024
96307 10 2 20.03.2024
96344 19 4 21.03.2024
96345 25 1 20.03.2024
96389 21 1 18.03.2024
96406 20 1 21.03.2024
96414 26 2 20.03.2024
96462 7 2 18.03.2024
96492 38 2 20.03.2024
96576 18 3 20.03.2024
96586 32 2 21.03.2024
96618 4 2 18.03.2024
96632 37 1 21.03.2024
96646 20 1 21.03.2024
96663 12 2 18.03.2024
96705 11 3 18.03.2024
96753 20 4 20.03.2024
96789 18 1 20.03.2024
96792 11 4 21.03.2024
96797 19 3 20.03.2024
96844 32 2 21.03.2024
96847 5 3 18.03.2024
96855 31 3 20.03.2024
96866 23 3 18.03.2024
96871 8 1 20.03.2024
96879 19 1 21.03.2024
96881 39 3 18.03.2024
96948 8 1 20.03.2024
96953 34 2 21.03.2024
96958 30 1 20.03.2024
96975 8 1 20.03.2024
97039 3 3 21.03.2024
97056 5 3 18.03.2024
97058 1 1 18.03.2024
97087 38 4 18.03.2024
97088 18 1 20.03.2024
97107 26 2 20.03.2024
97121 25 1 20.03.2024
97166 37 4 18.03.2024
97223 3 3 21.03.2024
97225 8 1 20.03.2024
97257 34 2 21.03.2024
97262 1 4 20.03.2024
97276 20 2 20.03.2024
97334 14 4 20.03.2024
97339 36 2 21.03.2024
97356 13 1 20.03.2024
97357 14 4 20.03.2024
97374 1 3 18.03.2024
97442 1 3 18.03.2024
97444 12 4 20.03.2024
97447 38 2 20.03.2024
97448 18 3 20.03.2024
97475 34 3 20.03.2024
97477 5 3 18.03.2024
97500 15 1 21.03.2024
97527 1 1 18.03.2024
97529 17 4 18.03.2024
97545 21 1 18.03.2024
97551 10 2 20.03.2024
97587 32 2 21.03.2024
97593 18 1 20.03.2024
97596 6 1 20.03.2024
97615 11 1 20.03.2024
97625 12 3 20.03.2024
97632 34 4 20.03.2024
97649 23 2 20.03.2024
97651 38 1 18.03.2024
97686 12 1 20.03.2024
97739 38 2 20.03.2024
97777 25 3 21.03.2024
97796 31 3 20.03.2024
97806 27 1 20.03.2024
97841 18 4 18.03.2024
97943 28 4 21.03.2024
97958 8 4 18.03.2024
98024 33 2 18.03.2024
98025 25 4 18.03.2024
98055 2 1 18.03.2024
98076 10 3 18.03.2024
98113 11 3 18.03.2024
98116 17 3 20.03.2024
98187 11 2 21.03.2024
98193 1 1 18.03.2024
98203 15 2 20.03.2024
98247 20 2 20.03.2024
98338 23 1 21.03.2024
98376 14 1 18.03.2024
98377 31 4 18.03.2024
98389 1 4 20.03.2024
98447 3 1 18.03.2024
98474 37 1 21.03.2024
98506 33 2 18.03.2024
98523 23 1 21.03.2024
98568 23 3 18.03.2024
98602 14 4 20.03.2024
98641 21 2 20.03.2024
98699 38 1 18.03.2024
98701 14 1 18.03.2024
98701 36 2 21.03.2024
98712 39 2 18.03.2024
98749 8 3 20.03.2024
98765 34 3 20.03.2024
98793 37 3 20.03.2024
98797 4 1 18.03.2024
98835 34 3 20.03.2024
98842 30 3 20.03.2024
98917 37 2 21.03.2024
98971 18 2 18.03.2024
99000 12 3 20.03.2024
99002 2 2 21.03.2024
99011 38 2 20.03.2024
99013 13 2 21.03.2024
99022 8 3 20.03.2024
99050 28 1 18.03.2024
99051 37 2 21.03.2024
99094 32 3 20.03.2024
99180 18 3 20.03.2024
99241 15 3 18.03.2024
99268 21 4 21.03.2024
99277 17 1 20.03.2024
99278 11 2 21.03.2024
99326 8 2 21.03.2024
99363 21 1 18.03.2024
99373 11 2 21.03.2024
99382 7 4 18.03.2024
99402 14 1 18.03.2024
99441 14 3 20.03.2024
99444 32 2 21.03.2024
99460 28 3 18.03.2024
99463 16 4 21.03.2024
99465 6 1 20.03.2024
99490 19 3 20.03.2024
99502 8 3 20.03.2024
99532 14 3 20.03.2024
99545 22 3 18.03.2024
99589 31 1 20.03.2024
99595 18 3 20.03.2024
99598 16 3 21.03.2024
99629 28 2 21.03.2024
99761 7 1 18.03.2024
99762 19 2 18.03.2024
99772 8 3 20.03.2024
99786 22 2 18.03.2024
99804 27 2 20.03.2024
99809 26 1 20.03.2024
99822 34 2 21.03.2024
99829 31 2 21.03.2024
99834 5 2 18.03.2024
99837 32 3 20.03.2024
99845 35 3 21.03.2024
99851 34 1 20.03.2024
99895 20 4 20.03.2024
99909 37 3 20.03.2024
99933 11 4 21.03.2024
99996 22 4 21.03.2024
99998 3 1 18.03.2024