32
346
line 344 blue [1040.0, 1040.0, 1040.0, 1200.0]
line 343 blue [176.0, 1200.0, 1040.0, 1200.0]
line 342 blue [176.0, 1040.0, 1040.0, 1040.0]
line 341 blue [176.0, 1040.0, 176.0, 1200.0]
line 340 blue [1040.0, 1120.0, 1040.0, 1200.0]
line 339 blue [1040.0, 1120.0, 1040.0, 1040.0]
line 338 blue [176.0, 1120.0, 176.0, 1200.0]
line 337 blue [176.0, 1120.0, 176.0, 1040.0]
line 336 blue [744.0, 1040.0, 1040.0, 1040.0]
line 335 blue [744.0, 1040.0, 176.0, 1040.0]
line 334 blue [744.0, 1200.0, 1040.0, 1200.0]
line 333 blue [744.0, 1200.0, 176.0, 1200.0]
line 332 blue [468.0, 1040.0, 1040.0, 1040.0]
line 331 blue [468.0, 1040.0, 176.0, 1040.0]
line 330 blue [468.0, 1040.0, 744.0, 1040.0]
line 329 blue [468.0, 1200.0, 1040.0, 1200.0]
line 328 blue [468.0, 1200.0, 176.0, 1200.0]
line 327 blue [468.0, 1200.0, 744.0, 1200.0]
line 326 blue [1040.0, 848.0, 1040.0, 1200.0]
line 325 blue [1040.0, 848.0, 1040.0, 1040.0]
line 324 blue [1040.0, 848.0, 176.0, 1040.0]
line 323 blue [1040.0, 848.0, 1040.0, 1120.0]
line 322 blue [1040.0, 848.0, 744.0, 1040.0]
line 321 blue [1040.0, 848.0, 468.0, 1040.0]
line 320 blue [1040.0, 688.0, 1040.0, 1200.0]
line 319 blue [1040.0, 688.0, 1040.0, 1040.0]
line 318 blue [1040.0, 688.0, 1040.0, 1120.0]
line 317 blue [1040.0, 688.0, 1040.0, 848.0]
line 316 blue [176.0, 848.0, 1040.0, 1040.0]
line 315 blue [176.0, 848.0, 176.0, 1200.0]
line 314 blue [176.0, 848.0, 176.0, 1040.0]
line 313 blue [176.0, 848.0, 176.0, 1120.0]
line 312 blue [176.0, 848.0, 744.0, 1040.0]
line 311 blue [176.0, 848.0, 468.0, 1040.0]
line 310 blue [176.0, 848.0, 1040.0, 848.0]
line 309 blue [176.0, 688.0, 176.0, 1200.0]
line 308 blue [176.0, 688.0, 176.0, 1040.0]
line 307 blue [176.0, 688.0, 176.0, 1120.0]
line 306 blue [176.0, 688.0, 1040.0, 688.0]
line 305 blue [176.0, 688.0, 176.0, 848.0]
line 304 blue [1040.0, 768.0, 1040.0, 1200.0]
line 303 blue [1040.0, 768.0, 1040.0, 1040.0]
line 302 blue [1040.0, 768.0, 1040.0, 1120.0]
line 301 blue [1040.0, 768.0, 1040.0, 848.0]
line 300 blue [1040.0, 768.0, 1040.0, 688.0]
line 299 blue [176.0, 768.0, 176.0, 1200.0]
line 298 blue [176.0, 768.0, 176.0, 1040.0]
line 297 blue [176.0, 768.0, 176.0, 1120.0]
line 296 blue [176.0, 768.0, 176.0, 848.0]
line 295 blue [176.0, 768.0, 176.0, 688.0]
line 294 blue [744.0, 688.0, 1040.0, 688.0]
line 293 blue [744.0, 688.0, 176.0, 688.0]
line 292 blue [744.0, 848.0, 1040.0, 1040.0]
line 291 blue [744.0, 848.0, 176.0, 1040.0]
line 290 blue [744.0, 848.0, 744.0, 1040.0]
line 289 blue [744.0, 848.0, 468.0, 1040.0]
line 288 blue [744.0, 848.0, 1040.0, 848.0]
line 287 blue [744.0, 848.0, 176.0, 848.0]
line 286 blue [468.0, 688.0, 1040.0, 688.0]
line 285 blue [468.0, 688.0, 176.0, 688.0]
line 284 blue [468.0, 688.0, 744.0, 688.0]
line 283 blue [468.0, 848.0, 1040.0, 1040.0]
line 282 blue [468.0, 848.0, 176.0, 1040.0]
line 281 blue [468.0, 848.0, 744.0, 1040.0]
line 280 blue [468.0, 848.0, 468.0, 1040.0]
line 279 blue [468.0, 848.0, 1040.0, 848.0]
line 278 blue [468.0, 848.0, 176.0, 848.0]
line 277 blue [468.0, 848.0, 744.0, 848.0]
line 276 blue [976.0, 400.0, 1040.0, 688.0]
line 275 blue [976.0, 400.0, 176.0, 688.0]
line 274 blue [976.0, 400.0, 744.0, 688.0]
line 273 blue [976.0, 400.0, 468.0, 688.0]
line 272 blue [976.0, 176.0, 80.0, 80.0]
line 271 blue [976.0, 176.0, 1040.0, 688.0]
line 270 blue [976.0, 176.0, 976.0, 400.0]
line 269 blue [688.0, 400.0, 1040.0, 688.0]
line 268 blue [688.0, 400.0, 176.0, 688.0]
line 267 blue [688.0, 400.0, 744.0, 688.0]
line 266 blue [688.0, 400.0, 468.0, 688.0]
line 265 blue [688.0, 400.0, 976.0, 400.0]
line 264 blue [688.0, 176.0, 80.0, 80.0]
line 263 blue [688.0, 176.0, 468.0, 688.0]
line 262 blue [688.0, 176.0, 976.0, 176.0]
line 261 blue [688.0, 176.0, 688.0, 400.0]
line 260 blue [976.0, 288.0, 1040.0, 688.0]
line 259 blue [976.0, 288.0, 976.0, 400.0]
line 258 blue [976.0, 288.0, 976.0, 176.0]
line 257 blue [688.0, 288.0, 468.0, 688.0]
line 256 blue [688.0, 288.0, 688.0, 400.0]
line 255 blue [688.0, 288.0, 688.0, 176.0]
line 254 blue [832.0, 176.0, 80.0, 80.0]
line 253 blue [832.0, 176.0, 976.0, 176.0]
line 252 blue [832.0, 176.0, 688.0, 176.0]
line 251 blue [832.0, 400.0, 1040.0, 688.0]
line 250 blue [832.0, 400.0, 176.0, 688.0]
line 249 blue [832.0, 400.0, 744.0, 688.0]
line 248 blue [832.0, 400.0, 468.0, 688.0]
line 247 blue [832.0, 400.0, 976.0, 400.0]
line 246 blue [832.0, 400.0, 688.0, 400.0]
line 245 blue [400.0, 400.0, 1040.0, 688.0]
line 244 blue [400.0, 400.0, 176.0, 688.0]
line 243 blue [400.0, 400.0, 744.0, 688.0]
line 242 blue [400.0, 400.0, 468.0, 688.0]
line 241 blue [400.0, 400.0, 976.0, 400.0]
line 240 blue [400.0, 400.0, 688.0, 400.0]
line 239 blue [400.0, 400.0, 688.0, 176.0]
line 238 blue [400.0, 400.0, 688.0, 288.0]
line 237 blue [400.0, 400.0, 832.0, 400.0]
line 236 blue [400.0, 208.0, 80.0, 80.0]
line 235 blue [400.0, 208.0, 468.0, 688.0]
line 234 blue [400.0, 208.0, 688.0, 400.0]
line 233 blue [400.0, 208.0, 688.0, 176.0]
line 232 blue [400.0, 208.0, 688.0, 288.0]
line 231 blue [400.0, 208.0, 400.0, 400.0]
line 230 blue [144.0, 400.0, 80.0, 80.0]
line 229 blue [144.0, 400.0, 176.0, 1200.0]
line 228 blue [144.0, 400.0, 176.0, 1040.0]
line 227 blue [144.0, 400.0, 176.0, 1120.0]
line 226 blue [144.0, 400.0, 1040.0, 688.0]
line 225 blue [144.0, 400.0, 176.0, 848.0]
line 224 blue [144.0, 400.0, 176.0, 688.0]
line 223 blue [144.0, 400.0, 176.0, 768.0]
line 222 blue [144.0, 400.0, 744.0, 688.0]
line 221 blue [144.0, 400.0, 468.0, 688.0]
line 220 blue [144.0, 400.0, 976.0, 400.0]
line 219 blue [144.0, 400.0, 688.0, 400.0]
line 218 blue [144.0, 400.0, 832.0, 400.0]
line 217 blue [144.0, 400.0, 400.0, 400.0]
line 216 blue [144.0, 208.0, 80.0, 80.0]
line 215 blue [144.0, 208.0, 688.0, 176.0]
line 214 blue [144.0, 208.0, 400.0, 208.0]
line 213 blue [144.0, 208.0, 144.0, 400.0]
line 212 blue [400.0, 304.0, 468.0, 688.0]
line 211 blue [400.0, 304.0, 688.0, 400.0]
line 210 blue [400.0, 304.0, 688.0, 176.0]
line 209 blue [400.0, 304.0, 688.0, 288.0]
line 208 blue [400.0, 304.0, 400.0, 400.0]
line 207 blue [400.0, 304.0, 400.0, 208.0]
line 206 blue [144.0, 304.0, 80.0, 80.0]
line 205 blue [144.0, 304.0, 144.0, 400.0]
line 204 blue [144.0, 304.0, 144.0, 208.0]
line 203 blue [272.0, 208.0, 80.0, 80.0]
line 202 blue [272.0, 208.0, 688.0, 176.0]
line 201 blue [272.0, 208.0, 400.0, 208.0]
line 200 blue [272.0, 208.0, 144.0, 208.0]
line 199 blue [272.0, 400.0, 1040.0, 688.0]
line 198 blue [272.0, 400.0, 176.0, 688.0]
line 197 blue [272.0, 400.0, 744.0, 688.0]
line 196 blue [272.0, 400.0, 468.0, 688.0]
line 195 blue [272.0, 400.0, 976.0, 400.0]
line 194 blue [272.0, 400.0, 688.0, 400.0]
line 193 blue [272.0, 400.0, 832.0, 400.0]
line 192 blue [272.0, 400.0, 400.0, 400.0]
line 191 blue [272.0, 400.0, 144.0, 400.0]
line 189 blue [1040.0, 1040.0, 1040.0, 1200.0]
line 188 blue [176.0, 1200.0, 1040.0, 1200.0]
line 187 blue [176.0, 1040.0, 1040.0, 1040.0]
line 186 blue [176.0, 1040.0, 176.0, 1200.0]
line 185 blue [1040.0, 1120.0, 1040.0, 1200.0]
line 184 blue [1040.0, 1120.0, 1040.0, 1040.0]
line 183 blue [176.0, 1120.0, 176.0, 1200.0]
line 182 blue [176.0, 1120.0, 176.0, 1040.0]
line 181 blue [744.0, 1040.0, 1040.0, 1040.0]
line 180 blue [744.0, 1040.0, 176.0, 1040.0]
line 179 blue [744.0, 1200.0, 1040.0, 1200.0]
line 178 blue [744.0, 1200.0, 176.0, 1200.0]
line 177 blue [468.0, 1040.0, 1040.0, 1040.0]
line 176 blue [468.0, 1040.0, 176.0, 1040.0]
line 175 blue [468.0, 1040.0, 744.0, 1040.0]
line 174 blue [468.0, 1200.0, 1040.0, 1200.0]
line 173 blue [468.0, 1200.0, 176.0, 1200.0]
line 172 blue [468.0, 1200.0, 744.0, 1200.0]
line 171 blue [1040.0, 848.0, 1040.0, 1200.0]
line 170 blue [1040.0, 848.0, 1040.0, 1040.0]
line 169 blue [1040.0, 848.0, 176.0, 1040.0]
line 168 blue [1040.0, 848.0, 1040.0, 1120.0]
line 167 blue [1040.0, 848.0, 744.0, 1040.0]
line 166 blue [1040.0, 848.0, 468.0, 1040.0]
line 165 blue [1040.0, 688.0, 1040.0, 1200.0]
line 164 blue [1040.0, 688.0, 1040.0, 1040.0]
line 163 blue [1040.0, 688.0, 1040.0, 1120.0]
line 162 blue [1040.0, 688.0, 1040.0, 848.0]
line 161 blue [176.0, 848.0, 1040.0, 1040.0]
line 160 blue [176.0, 848.0, 176.0, 1200.0]
line 159 blue [176.0, 848.0, 176.0, 1040.0]
line 158 blue [176.0, 848.0, 176.0, 1120.0]
line 157 blue [176.0, 848.0, 744.0, 1040.0]
line 156 blue [176.0, 848.0, 468.0, 1040.0]
line 155 blue [176.0, 848.0, 1040.0, 848.0]
line 154 blue [176.0, 688.0, 176.0, 1200.0]
line 153 blue [176.0, 688.0, 176.0, 1040.0]
line 152 blue [176.0, 688.0, 176.0, 1120.0]
line 151 blue [176.0, 688.0, 1040.0, 688.0]
line 150 blue [176.0, 688.0, 176.0, 848.0]
line 149 blue [1040.0, 768.0, 1040.0, 1200.0]
line 148 blue [1040.0, 768.0, 1040.0, 1040.0]
line 147 blue [1040.0, 768.0, 1040.0, 1120.0]
line 146 blue [1040.0, 768.0, 1040.0, 848.0]
line 145 blue [1040.0, 768.0, 1040.0, 688.0]
line 144 blue [176.0, 768.0, 176.0, 1200.0]
line 143 blue [176.0, 768.0, 176.0, 1040.0]
line 142 blue [176.0, 768.0, 176.0, 1120.0]
line 141 blue [176.0, 768.0, 176.0, 848.0]
line 140 blue [176.0, 768.0, 176.0, 688.0]
line 139 blue [744.0, 688.0, 1040.0, 688.0]
line 138 blue [744.0, 688.0, 176.0, 688.0]
line 137 blue [744.0, 848.0, 1040.0, 1040.0]
line 136 blue [744.0, 848.0, 176.0, 1040.0]
line 135 blue [744.0, 848.0, 744.0, 1040.0]
line 134 blue [744.0, 848.0, 468.0, 1040.0]
line 133 blue [744.0, 848.0, 1040.0, 848.0]
line 132 blue [744.0, 848.0, 176.0, 848.0]
line 131 blue [468.0, 688.0, 1040.0, 688.0]
line 130 blue [468.0, 688.0, 176.0, 688.0]
line 129 blue [468.0, 688.0, 744.0, 688.0]
line 128 blue [468.0, 848.0, 1040.0, 1040.0]
line 127 blue [468.0, 848.0, 176.0, 1040.0]
line 126 blue [468.0, 848.0, 744.0, 1040.0]
line 125 blue [468.0, 848.0, 468.0, 1040.0]
line 124 blue [468.0, 848.0, 1040.0, 848.0]
line 123 blue [468.0, 848.0, 176.0, 848.0]
line 122 blue [468.0, 848.0, 744.0, 848.0]
line 121 blue [976.0, 400.0, 1040.0, 688.0]
line 120 blue [976.0, 400.0, 176.0, 688.0]
line 119 blue [976.0, 400.0, 744.0, 688.0]
line 118 blue [976.0, 400.0, 468.0, 688.0]
line 117 blue [976.0, 176.0, 1040.0, 688.0]
line 116 blue [976.0, 176.0, 976.0, 400.0]
line 115 blue [688.0, 400.0, 1040.0, 688.0]
line 114 blue [688.0, 400.0, 176.0, 688.0]
line 113 blue [688.0, 400.0, 744.0, 688.0]
line 112 blue [688.0, 400.0, 468.0, 688.0]
line 111 blue [688.0, 400.0, 976.0, 400.0]
line 110 blue [688.0, 176.0, 468.0, 688.0]
line 109 blue [688.0, 176.0, 976.0, 176.0]
line 108 blue [688.0, 176.0, 688.0, 400.0]
line 107 blue [976.0, 288.0, 1040.0, 688.0]
line 106 blue [976.0, 288.0, 976.0, 400.0]
line 105 blue [976.0, 288.0, 976.0, 176.0]
line 104 blue [688.0, 288.0, 468.0, 688.0]
line 103 blue [688.0, 288.0, 688.0, 400.0]
line 102 blue [688.0, 288.0, 688.0, 176.0]
line 101 blue [832.0, 176.0, 976.0, 176.0]
line 100 blue [832.0, 176.0, 688.0, 176.0]
line 99 blue [832.0, 400.0, 1040.0, 688.0]
line 98 blue [832.0, 400.0, 176.0, 688.0]
line 97 blue [832.0, 400.0, 744.0, 688.0]
line 96 blue [832.0, 400.0, 468.0, 688.0]
line 95 blue [832.0, 400.0, 976.0, 400.0]
line 94 blue [832.0, 400.0, 688.0, 400.0]
line 93 blue [400.0, 400.0, 1040.0, 688.0]
line 92 blue [400.0, 400.0, 176.0, 688.0]
line 91 blue [400.0, 400.0, 744.0, 688.0]
line 90 blue [400.0, 400.0, 468.0, 688.0]
line 89 blue [400.0, 400.0, 976.0, 400.0]
line 88 blue [400.0, 400.0, 688.0, 400.0]
line 87 blue [400.0, 400.0, 688.0, 176.0]
line 86 blue [400.0, 400.0, 688.0, 288.0]
line 85 blue [400.0, 400.0, 832.0, 400.0]
line 84 blue [400.0, 208.0, 468.0, 688.0]
line 83 blue [400.0, 208.0, 688.0, 400.0]
line 82 blue [400.0, 208.0, 688.0, 176.0]
line 81 blue [400.0, 208.0, 688.0, 288.0]
line 80 blue [400.0, 208.0, 400.0, 400.0]
line 79 blue [144.0, 400.0, 176.0, 1200.0]
line 78 blue [144.0, 400.0, 176.0, 1040.0]
line 77 blue [144.0, 400.0, 176.0, 1120.0]
line 76 blue [144.0, 400.0, 1040.0, 688.0]
line 75 blue [144.0, 400.0, 176.0, 848.0]
line 74 blue [144.0, 400.0, 176.0, 688.0]
line 73 blue [144.0, 400.0, 176.0, 768.0]
line 72 blue [144.0, 400.0, 744.0, 688.0]
line 71 blue [144.0, 400.0, 468.0, 688.0]
line 70 blue [144.0, 400.0, 976.0, 400.0]
line 69 blue [144.0, 400.0, 688.0, 400.0]
line 68 blue [144.0, 400.0, 832.0, 400.0]
line 67 blue [144.0, 400.0, 400.0, 400.0]
line 66 blue [144.0, 208.0, 688.0, 176.0]
line 65 blue [144.0, 208.0, 400.0, 208.0]
line 64 blue [144.0, 208.0, 144.0, 400.0]
line 63 blue [400.0, 304.0, 468.0, 688.0]
line 62 blue [400.0, 304.0, 688.0, 400.0]
line 61 blue [400.0, 304.0, 688.0, 176.0]
line 60 blue [400.0, 304.0, 688.0, 288.0]
line 59 blue [400.0, 304.0, 400.0, 400.0]
line 58 blue [400.0, 304.0, 400.0, 208.0]
line 57 blue [144.0, 304.0, 144.0, 400.0]
line 56 blue [144.0, 304.0, 144.0, 208.0]
line 55 blue [272.0, 208.0, 688.0, 176.0]
line 54 blue [272.0, 208.0, 400.0, 208.0]
line 53 blue [272.0, 208.0, 144.0, 208.0]
line 52 blue [272.0, 400.0, 1040.0, 688.0]
line 51 blue [272.0, 400.0, 176.0, 688.0]
line 50 blue [272.0, 400.0, 744.0, 688.0]
line 49 blue [272.0, 400.0, 468.0, 688.0]
line 48 blue [272.0, 400.0, 976.0, 400.0]
line 47 blue [272.0, 400.0, 688.0, 400.0]
line 46 blue [272.0, 400.0, 832.0, 400.0]
line 45 blue [272.0, 400.0, 400.0, 400.0]
line 44 blue [272.0, 400.0, 144.0, 400.0]
rectangle 0 #D5D5D5 [160.0, 224.0, 384.0, 384.0]
oval 1 #FF2400 [256.0, 384.0, 288.0, 416.0]
oval 2 #FF2400 [256.0, 192.0, 288.0, 224.0]
oval 3 #FF2400 [128.0, 288.0, 160.0, 320.0]
oval 4 #FF2400 [384.0, 288.0, 416.0, 320.0]
oval 5 #FF2400 [128.0, 192.0, 160.0, 224.0]
oval 6 #FF2400 [128.0, 384.0, 160.0, 416.0]
oval 7 #FF2400 [384.0, 192.0, 416.0, 224.0]
oval 8 #FF2400 [384.0, 384.0, 416.0, 416.0]
rectangle 9 #D5D5D5 [704.0, 192.0, 960.0, 384.0]
oval 10 #FF2400 [816.0, 384.0, 848.0, 416.0]
oval 11 #FF2400 [816.0, 160.0, 848.0, 192.0]
oval 12 #FF2400 [672.0, 272.0, 704.0, 304.0]
oval 13 #FF2400 [960.0, 272.0, 992.0, 304.0]
oval 14 #FF2400 [672.0, 160.0, 704.0, 192.0]
oval 15 #FF2400 [672.0, 384.0, 704.0, 416.0]
oval 16 #FF2400 [960.0, 160.0, 992.0, 192.0]
oval 17 #FF2400 [960.0, 384.0, 992.0, 416.0]
rectangle 18 #D5D5D5 [192.0, 704.0, 1024.0, 832.0]
oval 19 #FF2400 [452.0, 832.0, 484.0, 864.0]
oval 20 #FF2400 [452.0, 672.0, 484.0, 704.0]
oval 21 #FF2400 [728.0, 832.0, 760.0, 864.0]
oval 22 #FF2400 [728.0, 672.0, 760.0, 704.0]
oval 23 #FF2400 [160.0, 752.0, 192.0, 784.0]
oval 24 #FF2400 [1024.0, 752.0, 1056.0, 784.0]
oval 25 #FF2400 [160.0, 672.0, 192.0, 704.0]
oval 26 #FF2400 [160.0, 832.0, 192.0, 864.0]
oval 27 #FF2400 [1024.0, 672.0, 1056.0, 704.0]
oval 28 #FF2400 [1024.0, 832.0, 1056.0, 864.0]
rectangle 29 #D5D5D5 [192.0, 1056.0, 1024.0, 1184.0]
oval 30 #FF2400 [452.0, 1184.0, 484.0, 1216.0]
oval 31 #FF2400 [452.0, 1024.0, 484.0, 1056.0]
oval 32 #FF2400 [728.0, 1184.0, 760.0, 1216.0]
oval 33 #FF2400 [728.0, 1024.0, 760.0, 1056.0]
oval 34 #FF2400 [160.0, 1104.0, 192.0, 1136.0]
oval 35 #FF2400 [1024.0, 1104.0, 1056.0, 1136.0]
oval 36 #FF2400 [160.0, 1024.0, 192.0, 1056.0]
oval 37 #FF2400 [160.0, 1184.0, 192.0, 1216.0]
oval 38 #FF2400 [1024.0, 1024.0, 1056.0, 1056.0]
oval 39 #FF2400 [1024.0, 1184.0, 1056.0, 1216.0]
rectangle 40 #D5D5D5 [-32.0, 32.0, 0.0, 1312.0]
rectangle 41 #D5D5D5 [0.0, 1280.0, 1216.0, 1312.0]
rectangle 42 #D5D5D5 [1216.0, 32.0, 1248.0, 1312.0]
rectangle 43 #D5D5D5 [192.0, 32.0, 1216.0, 64.0]
oval 190 #FF2400 [64.0, 64.0, 96.0, 96.0]
text 345 текст Californian\ FB 30 bold italic underline overstrike [262.0, 300.0]
37
1 22 6 10 25 15 17 20 27 8
2 14 5 190 7
3 5 6 190
4 12 14 15 20 7 8
5 6 2 3 14 190 7
6 26 22 34 1 37 10 3 25 23 36 15 17 5 20 190 27 8
7 4 12 2 14 15 5 20 190 8
8 4 12 22 1 6 10 14 25 15 17 20 7 27
10 22 1 6 25 15 17 20 27 8
11 14 16 190
12 4 14 15 20 7 8
13 17 16 27
14 4 12 2 190 15 16 5 20 7 11 8
15 4 12 22 1 6 10 14 25 17 20 7 27 8
16 13 14 17 27 190 11
17 22 1 13 6 10 25 15 16 20 27 8
19 26 38 33 21 28 36 31
20 4 12 22 1 6 10 14 25 15 17 27 7 8
21 26 19 38 33 28 36 31
22 1 6 10 25 15 17 20 27 8
23 26 34 6 25 36 37
24 35 38 28 27 39
25 26 22 34 1 37 6 10 23 36 15 17 20 27 8
26 34 37 19 6 38 33 25 21 23 28 36 31
27 39 35 22 1 13 6 38 10 24 25 28 15 17 16 20 8
28 26 39 35 19 38 33 21 24 27 36 31
30 39 32 37
31 26 19 38 33 21 28 36
32 39 30 37
33 26 19 38 21 28 36 31
34 26 6 25 23 36 37
35 38 24 28 27 39
36 26 34 37 19 6 38 33 25 21 23 28 31
37 26 34 6 32 25 23 36 30 39
38 26 39 35 19 33 21 28 24 27 36 31
39 35 38 32 24 28 27 30 37
190 6 2 3 14 16 5 7 11
